id,person_id,place,receive_time,sensor_num,x_coordinate,y_coordinate,size,area1_stay_time,area2_stay_time
0,2021012700010003957,0001,2021-01-27 08:00:01.902,2,914,3691,473,0,0
1,2021012700010003957,0001,2021-01-27 08:00:02.917,2,2908,3617,515,0,0
2,2021012700010003957,0001,2021-01-27 08:00:03.933,2,4763,3470,616,0,0
3,2021012700010003957,0001,2021-01-27 08:00:04.948,2,6635,3423,595,1,1
4,2021012700010003957,0001,2021-01-27 08:00:05.963,2,8574,3360,591,1,1
5,2021012700010003957,0001,2021-01-27 08:00:06.979,2,10360,3268,589,2,2
6,2021012700010003957,0001,2021-01-27 08:00:07.994,2,12205,3242,609,2,2
7,2021012700010003957,0001,2021-01-27 08:00:09.01,2,14293,3205,531,3,3
8,2021012700010003965,0001,2021-01-27 08:00:31.32,2,1028,3772,375,0,0
9,2021012700010003965,0001,2021-01-27 08:00:32.335,2,2538,3733,411,0,0
10,2021012700010003965,0001,2021-01-27 08:00:33.351,2,3927,3540,449,1,1
11,2021012700010003965,0001,2021-01-27 08:00:34.366,2,5512,3383,525,1,1
12,2021012700010003965,0001,2021-01-27 08:00:35.381,2,7081,3307,584,1,1
13,2021012700010003965,0001,2021-01-27 08:00:36.397,2,8567,3271,599,2,2
14,2021012700010003965,0001,2021-01-27 08:00:37.412,2,10069,3203,632,2,2
15,2021012700010003965,0001,2021-01-27 08:00:38.428,2,11695,3191,601,3,3
16,2021012700010003965,0001,2021-01-27 08:00:39.443,2,13354,3256,471,3,3
17,2021012700010003970,0001,2021-01-27 08:00:39.443,2,200,2739,675,0,0
18,2021012700010003970,0001,2021-01-27 08:00:40.458,2,1442,2647,692,0,0
19,2021012700010003970,0001,2021-01-27 08:00:41.474,2,2804,2570,699,0,0
20,2021012700010003970,0001,2021-01-27 08:00:42.475,2,3948,2416,812,1,1
21,2021012700010003970,0001,2021-01-27 08:00:43.49,2,5257,2050,622,1,1
22,2021012700010003970,0001,2021-01-27 08:00:44.506,2,6008,1834,508,2,2
23,2021012700010003978,0001,2021-01-27 08:00:44.506,2,6334,1816,518,0,0
24,2021012700010003970,0001,2021-01-27 08:00:45.521,2,6008,1834,508,2,2
25,2021012700010003978,0001,2021-01-27 08:00:45.521,2,7478,1589,467,0,0
26,2021012700010003980,0001,2021-01-27 08:00:45.521,2,7779,1612,608,0,0
27,2021012700010003970,0001,2021-01-27 08:00:46.536,2,6008,1834,508,2,2
28,2021012700010003976,0001,2021-01-27 08:00:46.536,2,1384,2424,590,0,0
29,2021012700010003978,0001,2021-01-27 08:00:46.536,2,7560,1572,472,0,0
30,2021012700010003980,0001,2021-01-27 08:00:46.536,2,8828,1397,469,0,0
31,2021012700010003981,0001,2021-01-27 08:00:46.536,2,8945,1573,766,0,0
32,2021012700010003976,0001,2021-01-27 08:00:47.552,2,2700,2094,513,0,0
33,2021012700010003980,0001,2021-01-27 08:00:47.552,2,10068,1302,488,0,0
34,2021012700010003981,0001,2021-01-27 08:00:47.552,2,10268,1435,773,0,0
35,2021012700010003976,0001,2021-01-27 08:00:48.567,2,3867,2004,517,1,1
36,2021012700010003980,0001,2021-01-27 08:00:48.567,2,11344,1242,498,1,1
37,2021012700010003984,0001,2021-01-27 08:00:48.567,2,4184,1929,523,0,0
38,2021012700010003985,0001,2021-01-27 08:00:48.567,2,11576,1396,694,0,0
39,2021012700010003976,0001,2021-01-27 08:00:49.583,2,3867,2004,517,1,1
40,2021012700010003980,0001,2021-01-27 08:00:49.583,2,12643,1331,687,1,1
41,2021012700010003984,0001,2021-01-27 08:00:49.583,2,5750,1898,538,0,0
42,2021012700010003976,0001,2021-01-27 08:00:50.598,2,3867,2004,517,1,1
43,2021012700010003980,0001,2021-01-27 08:00:50.598,2,13992,1380,699,2,2
44,2021012700010003984,0001,2021-01-27 08:00:50.598,2,7361,1820,572,0,0
45,2021012700010003984,0001,2021-01-27 08:00:51.614,2,8891,1669,603,1,1
46,2021012700010003984,0001,2021-01-27 08:00:52.629,2,10447,1493,618,1,1
47,2021012700010003984,0001,2021-01-27 08:00:53.644,2,11783,1237,529,2,2
48,2021012700010003984,0001,2021-01-27 08:00:54.66,2,13362,918,552,2,2
49,2021012700010003993,0001,2021-01-27 08:01:12.917,2,605,1638,625,0,0
50,2021012700010003993,0001,2021-01-27 08:01:13.932,2,1870,1541,591,0,0
51,2021012700010003993,0001,2021-01-27 08:01:14.948,2,3176,1484,588,0,0
52,2021012700010003993,0001,2021-01-27 08:01:15.963,2,4454,1623,625,1,1
53,2021012700010003993,0001,2021-01-27 08:01:16.978,2,5758,1815,580,1,1
54,2021012700010003993,0001,2021-01-27 08:01:17.994,2,7041,1904,671,2,2
55,2021012700010003993,0001,2021-01-27 08:01:19.009,2,8267,1851,629,2,2
56,2021012700010003993,0001,2021-01-27 08:01:20.024,2,8745,1776,572,3,3
57,2021012700010004000,0001,2021-01-27 08:01:20.024,2,9560,1857,597,0,0
58,2021012700010003993,0001,2021-01-27 08:01:21.04,2,8745,1776,572,3,3
59,2021012700010004000,0001,2021-01-27 08:01:21.04,2,10817,1904,546,0,0
60,2021012700010003993,0001,2021-01-27 08:01:22.055,2,8745,1776,572,3,3
61,2021012700010004000,0001,2021-01-27 08:01:22.055,2,12196,2040,648,0,0
62,2021012700010004000,0001,2021-01-27 08:01:23.07,2,13486,2067,606,1,1
63,2021012700010004006,0001,2021-01-27 08:01:45.381,2,14049,2033,538,0,0
64,2021012700010004006,0001,2021-01-27 08:01:46.396,2,12659,2104,530,0,0
65,2021012700010004006,0001,2021-01-27 08:01:47.412,2,11250,2111,568,0,0
66,2021012700010004006,0001,2021-01-27 08:01:48.427,2,9987,2192,507,1,1
67,2021012700010004006,0001,2021-01-27 08:01:49.443,2,8789,2254,537,1,1
68,2021012700010004006,0001,2021-01-27 08:01:50.458,2,7499,2279,623,2,2
69,2021012700010004006,0001,2021-01-27 08:01:51.473,2,6109,2316,518,2,2
70,2021012700010004006,0001,2021-01-27 08:01:52.489,2,4866,2349,526,2,2
71,2021012700010004006,0001,2021-01-27 08:01:53.504,2,3696,2388,480,3,3
72,2021012700010004006,0001,2021-01-27 08:01:54.52,2,2354,2442,510,3,3
73,2021012700010004006,0001,2021-01-27 08:01:55.535,2,1087,2642,515,4,4
74,2021012700010004011,0001,2021-01-27 08:02:04.659,2,766,3316,763,0,0
75,2021012700010004011,0001,2021-01-27 08:02:05.675,2,2559,3393,744,0,0
76,2021012700010004017,0001,2021-01-27 08:02:05.675,2,2846,3513,754,0,0
77,2021012700010004011,0001,2021-01-27 08:02:06.69,2,2559,3393,744,0,0
78,2021012700010004017,0001,2021-01-27 08:02:06.69,2,4341,3555,734,0,0
79,2021012700010004019,0001,2021-01-27 08:02:06.69,2,4668,3690,763,0,0
80,2021012700010004011,0001,2021-01-27 08:02:07.706,2,2559,3393,744,1,1
81,2021012700010004017,0001,2021-01-27 08:02:07.706,2,4549,3546,735,0,0
82,2021012700010004019,0001,2021-01-27 08:02:07.706,2,6168,3818,712,0,0
83,2021012700010004021,0001,2021-01-27 08:02:07.706,2,6296,3665,687,0,0
84,2021012700010004011,0001,2021-01-27 08:02:08.721,2,2559,3393,744,1,1
85,2021012700010004021,0001,2021-01-27 08:02:08.721,2,8060,3731,667,0,0
86,2021012700010004023,0001,2021-01-27 08:02:08.721,2,8079,3904,777,0,0
87,2021012700010004021,0001,2021-01-27 08:02:09.736,2,8991,3721,543,0,0
88,2021012700010004024,0001,2021-01-27 08:02:09.736,2,10048,3704,518,0,0
89,2021012700010004021,0001,2021-01-27 08:02:10.752,2,8991,3721,543,1,1
90,2021012700010004024,0001,2021-01-27 08:02:10.752,2,12136,3850,827,0,0
91,2021012700010004024,0001,2021-01-27 08:02:11.769,2,13672,3736,792,0,0
92,2021012700010004028,0001,2021-01-27 08:02:14.815,2,661,3379,502,0,0
93,2021012700010004028,0001,2021-01-27 08:02:15.83,2,1762,3426,507,0,0
94,2021012700010004028,0001,2021-01-27 08:02:16.846,2,2897,3306,538,1,1
95,2021012700010004028,0001,2021-01-27 08:02:17.861,2,4219,3447,475,1,1
96,2021012700010004028,0001,2021-01-27 08:02:18.877,2,5480,3555,587,1,1
97,2021012700010004034,0001,2021-01-27 08:02:18.877,2,14127,956,680,0,0
98,2021012700010004035,0001,2021-01-27 08:02:18.877,2,358,3575,524,0,0
99,2021012700010004037,0001,2021-01-27 08:02:18.877,2,385,2139,399,0,0
100,2021012700010004028,0001,2021-01-27 08:02:19.892,2,6675,3516,620,2,2
101,2021012700010004034,0001,2021-01-27 08:02:19.892,2,12985,652,626,0,0
102,2021012700010004035,0001,2021-01-27 08:02:19.892,2,2050,3584,570,0,0
103,2021012700010004037,0001,2021-01-27 08:02:19.892,2,1866,2074,673,0,0
104,2021012700010004028,0001,2021-01-27 08:02:20.907,2,7858,3501,488,2,2
105,2021012700010004034,0001,2021-01-27 08:02:20.907,2,11891,545,676,0,0
106,2021012700010004035,0001,2021-01-27 08:02:20.907,2,3271,3576,572,1,1
107,2021012700010004037,0001,2021-01-27 08:02:20.907,2,3284,2083,683,0,0
108,2021012700010004028,0001,2021-01-27 08:02:21.923,2,9401,3450,465,3,3
109,2021012700010004034,0001,2021-01-27 08:02:21.923,2,10669,559,652,1,1
110,2021012700010004035,0001,2021-01-27 08:02:21.923,2,4616,3466,588,1,1
111,2021012700010004037,0001,2021-01-27 08:02:21.923,2,4880,2087,636,1,1
112,2021012700010004028,0001,2021-01-27 08:02:22.938,2,10690,3401,773,3,3
113,2021012700010004034,0001,2021-01-27 08:02:22.938,2,9469,557,621,1,1
114,2021012700010004035,0001,2021-01-27 08:02:22.938,2,5854,3278,586,1,1
115,2021012700010004037,0001,2021-01-27 08:02:22.938,2,6509,2056,736,1,1
116,2021012700010004028,0001,2021-01-27 08:02:23.954,2,11996,3314,596,3,3
117,2021012700010004034,0001,2021-01-27 08:02:23.954,2,8362,584,659,2,2
118,2021012700010004035,0001,2021-01-27 08:02:23.954,2,7063,3165,584,2,2
119,2021012700010004037,0001,2021-01-27 08:02:23.954,2,8041,2117,653,2,2
120,2021012700010004028,0001,2021-01-27 08:02:24.969,2,13239,3392,498,4,4
121,2021012700010004034,0001,2021-01-27 08:02:24.969,2,7177,788,638,2,2
122,2021012700010004035,0001,2021-01-27 08:02:24.969,2,8400,3099,548,2,2
123,2021012700010004037,0001,2021-01-27 08:02:24.969,2,9657,2165,665,2,2
124,2021012700010004034,0001,2021-01-27 08:02:25.984,2,6086,1172,584,2,2
125,2021012700010004035,0001,2021-01-27 08:02:25.984,2,9690,3102,532,3,3
126,2021012700010004037,0001,2021-01-27 08:02:25.984,2,11392,2218,510,2,2
127,2021012700010004034,0001,2021-01-27 08:02:26.986,2,4932,1256,595,3,3
128,2021012700010004035,0001,2021-01-27 08:02:26.986,2,11197,3174,547,3,3
129,2021012700010004037,0001,2021-01-27 08:02:26.986,2,12841,2178,635,3,3
130,2021012700010004034,0001,2021-01-27 08:02:28.001,2,3774,1230,566,3,3
131,2021012700010004035,0001,2021-01-27 08:02:28.001,2,12478,3094,536,3,3
132,2021012700010004034,0001,2021-01-27 08:02:29.016,2,2570,1269,544,4,4
133,2021012700010004035,0001,2021-01-27 08:02:29.016,2,13834,3001,568,4,4
134,2021012700010004034,0001,2021-01-27 08:02:30.032,2,1472,1294,514,4,4
135,2021012700010004034,0001,2021-01-27 08:02:31.047,2,364,1346,553,4,4
136,2021012700010004049,0001,2021-01-27 08:02:34.093,2,324,3697,457,0,0
137,2021012700010004049,0001,2021-01-27 08:02:35.109,2,1889,3475,514,0,0
138,2021012700010004049,0001,2021-01-27 08:02:36.124,2,3449,3694,628,0,0
139,2021012700010004049,0001,2021-01-27 08:02:37.14,2,4972,3721,661,1,1
140,2021012700010004049,0001,2021-01-27 08:02:38.155,2,6497,3679,607,1,1
141,2021012700010004049,0001,2021-01-27 08:02:39.17,2,7988,3600,620,2,2
142,2021012700010004049,0001,2021-01-27 08:02:40.186,2,9587,3577,677,2,2
143,2021012700010004049,0001,2021-01-27 08:02:41.201,2,11163,3558,685,2,2
144,2021012700010004049,0001,2021-01-27 08:02:42.202,2,12695,3572,671,3,3
145,2021012700010004049,0001,2021-01-27 08:02:43.218,2,14173,3649,366,3,3
146,2021012700010004051,0001,2021-01-27 08:02:49.31,2,544,2507,417,0,0
147,2021012700010004051,0001,2021-01-27 08:02:50.325,2,1841,2591,606,0,0
148,2021012700010004051,0001,2021-01-27 08:02:51.341,2,3259,2601,647,0,0
149,2021012700010004051,0001,2021-01-27 08:02:52.356,2,4625,2688,691,1,1
150,2021012700010004051,0001,2021-01-27 08:02:53.372,2,5977,2679,666,1,1
151,2021012700010004051,0001,2021-01-27 08:02:54.387,2,7361,2664,665,2,2
152,2021012700010004051,0001,2021-01-27 08:02:55.402,2,8724,2648,612,2,2
153,2021012700010004051,0001,2021-01-27 08:02:56.418,2,10064,2651,651,3,3
154,2021012700010004051,0001,2021-01-27 08:02:57.419,2,11474,2593,696,3,3
155,2021012700010004051,0001,2021-01-27 08:02:58.434,2,12872,2571,583,3,3
156,2021012700010004051,0001,2021-01-27 08:02:59.45,2,14253,2661,400,4,4
157,2021012700010004068,0001,2021-01-27 08:03:27.862,2,1270,3299,669,0,0
158,2021012700010004068,0001,2021-01-27 08:03:28.877,2,2601,3211,686,0,0
159,2021012700010004068,0001,2021-01-27 08:03:29.892,2,3928,3032,640,1,1
160,2021012700010004068,0001,2021-01-27 08:03:30.908,2,5240,2871,634,1,1
161,2021012700010004071,0001,2021-01-27 08:03:30.908,2,831,3441,544,0,0
162,2021012700010004068,0001,2021-01-27 08:03:31.923,2,6558,2898,621,1,1
163,2021012700010004071,0001,2021-01-27 08:03:31.923,2,2147,3496,587,0,0
164,2021012700010004068,0001,2021-01-27 08:03:32.939,2,7801,2855,637,2,2
165,2021012700010004071,0001,2021-01-27 08:03:32.939,2,3409,3515,533,1,1
166,2021012700010004068,0001,2021-01-27 08:03:33.954,2,9100,2757,655,2,2
167,2021012700010004071,0001,2021-01-27 08:03:33.954,2,4770,3544,498,1,1
168,2021012700010004068,0001,2021-01-27 08:03:34.969,2,10403,2613,662,3,3
169,2021012700010004071,0001,2021-01-27 08:03:34.969,2,6141,3543,510,1,1
170,2021012700010004068,0001,2021-01-27 08:03:35.985,2,11693,2562,628,3,3
171,2021012700010004071,0001,2021-01-27 08:03:35.985,2,7485,3507,491,2,2
172,2021012700010004068,0001,2021-01-27 08:03:37,2,13207,2655,660,4,4
173,2021012700010004071,0001,2021-01-27 08:03:37,2,8877,3517,481,2,2
174,2021012700010004071,0001,2021-01-27 08:03:38.015,2,10163,3497,501,3,3
175,2021012700010004071,0001,2021-01-27 08:03:39.031,2,11645,3504,541,3,3
176,2021012700010004071,0001,2021-01-27 08:03:40.046,2,12992,3439,533,3,3
177,2021012700010004080,0001,2021-01-27 08:03:43.078,2,1357,2496,447,0,0
178,2021012700010004080,0001,2021-01-27 08:03:44.094,2,2791,2512,524,0,0
179,2021012700010004080,0001,2021-01-27 08:03:45.109,2,4284,2594,594,1,1
180,2021012700010004080,0001,2021-01-27 08:03:46.124,2,5715,2622,545,1,1
181,2021012700010004080,0001,2021-01-27 08:03:47.14,2,7212,2610,585,1,1
182,2021012700010004080,0001,2021-01-27 08:03:48.155,2,8615,2636,572,2,2
183,2021012700010004080,0001,2021-01-27 08:03:49.171,2,10077,2607,554,2,2
184,2021012700010004080,0001,2021-01-27 08:03:50.186,2,11505,2577,569,3,3
185,2021012700010004080,0001,2021-01-27 08:03:51.201,2,12920,2570,574,3,3
186,2021012700010004090,0001,2021-01-27 08:04:08.449,2,887,3512,522,0,0
187,2021012700010004090,0001,2021-01-27 08:04:09.464,2,2410,3345,509,0,0
188,2021012700010004090,0001,2021-01-27 08:04:10.48,2,3955,3260,492,1,1
189,2021012700010004090,0001,2021-01-27 08:04:11.495,2,5427,3105,565,1,1
190,2021012700010004090,0001,2021-01-27 08:04:12.496,2,6938,2933,632,1,1
191,2021012700010004090,0001,2021-01-27 08:04:13.512,2,8525,2754,644,2,2
192,2021012700010004090,0001,2021-01-27 08:04:14.527,2,10032,2619,601,2,2
193,2021012700010004090,0001,2021-01-27 08:04:15.542,2,11611,2470,651,3,3
194,2021012700010004090,0001,2021-01-27 08:04:16.558,2,13157,2350,653,3,3
195,2021012700010004102,0001,2021-01-27 08:04:40.913,2,556,3219,548,0,0
196,2021012700010004102,0001,2021-01-27 08:04:41.915,2,1965,3141,555,0,0
197,2021012700010004102,0001,2021-01-27 08:04:42.93,2,3417,3161,572,0,0
198,2021012700010004102,0001,2021-01-27 08:04:43.946,2,4941,3209,515,1,1
199,2021012700010004102,0001,2021-01-27 08:04:44.961,2,5203,3236,508,1,1
200,2021012700010004108,0001,2021-01-27 08:04:44.961,2,6422,3254,472,0,0
201,2021012700010004102,0001,2021-01-27 08:04:45.976,2,5203,3236,508,2,2
202,2021012700010004110,0001,2021-01-27 08:04:45.976,2,7880,3223,446,0,0
203,2021012700010004111,0001,2021-01-27 08:04:45.976,2,8177,3286,598,0,0
204,2021012700010004102,0001,2021-01-27 08:04:46.992,2,5203,3236,508,2,2
205,2021012700010004110,0001,2021-01-27 08:04:46.992,2,7968,3219,450,0,0
206,2021012700010004111,0001,2021-01-27 08:04:46.992,2,9394,3143,432,0,0
207,2021012700010004111,0001,2021-01-27 08:04:48.007,2,11148,2997,512,0,0
208,2021012700010004111,0001,2021-01-27 08:04:49.022,2,12717,2894,543,1,1
209,2021012700010004111,0001,2021-01-27 08:04:50.038,2,14208,2939,563,1,1
210,2021012700010004116,0001,2021-01-27 08:04:57.131,2,400,1980,467,0,0
211,2021012700010004116,0001,2021-01-27 08:04:58.147,2,1634,2276,584,0,0
212,2021012700010004116,0001,2021-01-27 08:04:59.159,2,2882,2549,650,0,0
213,2021012700010004119,0001,2021-01-27 08:04:59.159,2,609,2408,494,0,0
214,2021012700010004116,0001,2021-01-27 08:05:00.175,2,4017,2716,619,1,1
215,2021012700010004119,0001,2021-01-27 08:05:00.175,2,1735,2287,555,0,0
216,2021012700010004121,0001,2021-01-27 08:05:00.175,2,709,4281,523,0,0
217,2021012700010004116,0001,2021-01-27 08:05:01.19,2,5272,2713,472,1,1
218,2021012700010004119,0001,2021-01-27 08:05:01.19,2,2944,1981,554,0,0
219,2021012700010004121,0001,2021-01-27 08:05:01.19,2,2261,4205,502,0,0
220,2021012700010004116,0001,2021-01-27 08:05:02.206,2,6672,2843,623,2,2
221,2021012700010004119,0001,2021-01-27 08:05:02.206,2,4207,1798,542,1,1
222,2021012700010004121,0001,2021-01-27 08:05:02.206,2,3682,4069,510,1,1
223,2021012700010004116,0001,2021-01-27 08:05:03.221,2,7779,2859,647,2,2
224,2021012700010004119,0001,2021-01-27 08:05:03.221,2,5638,1771,660,1,1
225,2021012700010004121,0001,2021-01-27 08:05:03.221,2,5031,3914,474,1,1
226,2021012700010004123,0001,2021-01-27 08:05:03.221,2,1283,3225,543,0,0
227,2021012700010004116,0001,2021-01-27 08:05:04.236,2,7968,2962,474,2,2
228,2021012700010004119,0001,2021-01-27 08:05:04.236,2,5707,1690,520,1,1
229,2021012700010004121,0001,2021-01-27 08:05:04.236,2,5351,3904,551,1,1
230,2021012700010004123,0001,2021-01-27 08:05:04.236,2,1518,3154,433,0,0
231,2021012700010004116,0001,2021-01-27 08:05:06.267,1,7968,2962,474,2,2
232,2021012700010004119,0001,2021-01-27 08:05:06.267,1,5707,1690,520,2,2
233,2021012700010004121,0001,2021-01-27 08:05:06.267,1,5351,3904,551,1,1
234,2021012700010004123,0001,2021-01-27 08:05:06.267,1,1518,3154,433,0,0
235,2021012700010004127,0001,2021-01-27 08:05:06.267,1,9536,1444,563,0,0
236,2021012700010004128,0001,2021-01-27 08:05:06.267,1,11492,2814,642,0,0
237,2021012700010004129,0001,2021-01-27 08:05:06.267,1,9542,3855,542,0,0
238,2021012700010004130,0001,2021-01-27 08:05:06.267,1,5167,3325,440,0,0
239,2021012700010004116,0001,2021-01-27 08:05:07.283,1,7968,2962,474,3,3
240,2021012700010004119,0001,2021-01-27 08:05:07.283,1,5707,1690,520,2,2
241,2021012700010004121,0001,2021-01-27 08:05:07.283,1,5351,3904,551,2,2
242,2021012700010004123,0001,2021-01-27 08:05:07.283,1,1518,3154,433,1,1
243,2021012700010004127,0001,2021-01-27 08:05:07.283,1,11005,1500,700,0,0
244,2021012700010004128,0001,2021-01-27 08:05:07.283,1,12566,2671,565,0,0
245,2021012700010004129,0001,2021-01-27 08:05:07.283,1,11024,3877,568,0,0
246,2021012700010004130,0001,2021-01-27 08:05:07.283,1,6423,3380,454,0,0
247,2021012700010004116,0001,2021-01-27 08:05:08.298,1,7968,2962,474,3,3
248,2021012700010004119,0001,2021-01-27 08:05:08.298,1,5707,1690,520,2,2
249,2021012700010004121,0001,2021-01-27 08:05:08.298,1,5351,3904,551,2,2
250,2021012700010004123,0001,2021-01-27 08:05:08.298,1,1518,3154,433,1,1
251,2021012700010004127,0001,2021-01-27 08:05:08.298,1,12291,1343,577,1,1
252,2021012700010004128,0001,2021-01-27 08:05:08.298,1,13933,2647,645,1,1
253,2021012700010004129,0001,2021-01-27 08:05:08.298,1,11664,3903,537,1,1
254,2021012700010004130,0001,2021-01-27 08:05:08.298,1,7747,3349,479,1,1
255,2021012700010004132,0001,2021-01-27 08:05:08.298,1,12548,3835,575,0,0
256,2021012700010004127,0001,2021-01-27 08:05:09.313,1,13809,1391,733,1,1
257,2021012700010004129,0001,2021-01-27 08:05:09.313,1,11664,3903,537,1,1
258,2021012700010004130,0001,2021-01-27 08:05:09.313,1,8962,3373,459,1,1
259,2021012700010004127,0001,2021-01-27 08:05:10.329,1,13809,1391,733,1,1
260,2021012700010004130,0001,2021-01-27 08:05:10.329,1,10201,3463,470,1,1
261,2021012700010004127,0001,2021-01-27 08:05:11.344,1,13809,1391,733,1,1
262,2021012700010004130,0001,2021-01-27 08:05:11.344,1,10463,3501,488,1,1
263,2021012700010004127,0001,2021-01-27 08:05:12.345,2,13809,1391,733,2,2
264,2021012700010004130,0001,2021-01-27 08:05:12.345,2,10463,3501,488,2,2
265,2021012700010004134,0001,2021-01-27 08:05:12.345,2,12791,3445,426,0,0
266,2021012700010004130,0001,2021-01-27 08:05:13.361,2,10463,3501,488,2,2
267,2021012700010004134,0001,2021-01-27 08:05:13.361,2,14011,3557,631,0,0
268,2021012700010004130,0001,2021-01-27 08:05:14.376,2,10463,3501,488,3,3
269,2021012700010004139,0001,2021-01-27 08:05:18.437,2,728,2652,470,0,0
270,2021012700010004139,0001,2021-01-27 08:05:19.453,2,2147,2394,579,0,0
271,2021012700010004139,0001,2021-01-27 08:05:20.468,2,3718,2394,586,0,0
272,2021012700010004143,0001,2021-01-27 08:05:20.468,2,175,4603,465,0,0
273,2021012700010004139,0001,2021-01-27 08:05:21.484,2,5166,2315,624,1,1
274,2021012700010004143,0001,2021-01-27 08:05:21.484,2,1360,4644,438,0,0
275,2021012700010004139,0001,2021-01-27 08:05:22.499,2,6755,2230,634,1,1
276,2021012700010004143,0001,2021-01-27 08:05:22.499,2,2683,4655,455,0,0
277,2021012700010004139,0001,2021-01-27 08:05:23.514,2,8273,2120,633,2,2
278,2021012700010004143,0001,2021-01-27 08:05:23.514,2,3962,4728,480,1,1
279,2021012700010004139,0001,2021-01-27 08:05:24.53,2,9716,2088,653,2,2
280,2021012700010004143,0001,2021-01-27 08:05:24.53,2,5017,4521,448,1,1
281,2021012700010004139,0001,2021-01-27 08:05:25.545,2,11255,2008,554,3,3
282,2021012700010004143,0001,2021-01-27 08:05:25.545,2,6471,4452,535,2,2
283,2021012700010004149,0001,2021-01-27 08:05:25.545,2,150,3707,511,0,0
284,2021012700010004139,0001,2021-01-27 08:05:26.561,2,12766,1963,568,3,3
285,2021012700010004143,0001,2021-01-27 08:05:26.561,2,7737,4360,611,2,2
286,2021012700010004149,0001,2021-01-27 08:05:26.561,2,1432,3745,577,0,0
287,2021012700010004139,0001,2021-01-27 08:05:27.57,2,14299,2067,509,3,3
288,2021012700010004143,0001,2021-01-27 08:05:27.57,2,8975,4190,617,2,2
289,2021012700010004149,0001,2021-01-27 08:05:27.57,2,2688,3670,601,0,0
290,2021012700010004143,0001,2021-01-27 08:05:28.586,2,10139,3893,499,3,3
291,2021012700010004149,0001,2021-01-27 08:05:28.586,2,4079,3608,619,1,1
292,2021012700010004143,0001,2021-01-27 08:05:29.601,2,11508,3791,624,3,3
293,2021012700010004149,0001,2021-01-27 08:05:29.601,2,5534,3685,690,1,1
294,2021012700010004143,0001,2021-01-27 08:05:30.616,2,12639,3806,613,4,4
295,2021012700010004149,0001,2021-01-27 08:05:30.616,2,6840,3717,697,2,2
296,2021012700010004143,0001,2021-01-27 08:05:31.632,2,13862,3876,388,4,4
297,2021012700010004149,0001,2021-01-27 08:05:31.632,2,8118,3703,659,2,2
298,2021012700010004153,0001,2021-01-27 08:05:31.632,2,499,4320,479,0,0
299,2021012700010004149,0001,2021-01-27 08:05:32.647,2,9412,3687,606,2,2
300,2021012700010004153,0001,2021-01-27 08:05:32.647,2,1722,4379,502,0,0
301,2021012700010004149,0001,2021-01-27 08:05:33.662,2,10886,3723,662,3,3
302,2021012700010004153,0001,2021-01-27 08:05:33.662,2,2991,4225,585,0,0
303,2021012700010004149,0001,2021-01-27 08:05:34.678,2,11658,3755,643,3,3
304,2021012700010004153,0001,2021-01-27 08:05:34.678,2,3686,4249,601,1,1
305,2021012700010004149,0001,2021-01-27 08:05:36.709,1,11658,3755,643,3,3
306,2021012700010004153,0001,2021-01-27 08:05:36.709,1,3686,4249,601,1,1
307,2021012700010004160,0001,2021-01-27 08:05:36.709,1,6850,4241,569,0,0
308,2021012700010004149,0001,2021-01-27 08:05:37.724,1,11658,3755,643,4,4
309,2021012700010004153,0001,2021-01-27 08:05:37.724,1,3686,4249,601,1,1
310,2021012700010004160,0001,2021-01-27 08:05:37.724,1,8121,4050,486,0,0
311,2021012700010004149,0001,2021-01-27 08:05:38.739,1,11658,3755,643,4,4
312,2021012700010004153,0001,2021-01-27 08:05:38.739,1,3686,4249,601,2,2
313,2021012700010004160,0001,2021-01-27 08:05:38.739,1,9336,3963,443,0,0
314,2021012700010004160,0001,2021-01-27 08:05:39.755,1,10528,3884,491,1,1
315,2021012700010004160,0001,2021-01-27 08:05:40.77,1,10924,3867,507,1,1
316,2021012700010004160,0001,2021-01-27 08:05:41.772,1,10924,3867,507,1,1
317,2021012700010004160,0001,2021-01-27 08:05:42.782,2,10924,3867,507,2,2
318,2021012700010004166,0001,2021-01-27 08:05:42.782,2,14207,4198,447,0,0
319,2021012700010004186,0001,2021-01-27 08:06:33.509,2,930,2531,488,0,0
320,2021012700010004186,0001,2021-01-27 08:06:34.525,2,2435,2533,476,0,0
321,2021012700010004186,0001,2021-01-27 08:06:35.54,2,4061,2709,657,1,1
322,2021012700010004186,0001,2021-01-27 08:06:36.556,2,5541,2736,661,1,1
323,2021012700010004189,0001,2021-01-27 08:06:36.556,2,13183,3779,718,0,0
324,2021012700010004186,0001,2021-01-27 08:06:37.571,2,7132,2668,669,1,1
325,2021012700010004189,0001,2021-01-27 08:06:37.571,2,11409,3981,719,0,0
326,2021012700010004186,0001,2021-01-27 08:06:38.586,2,8679,2654,636,2,2
327,2021012700010004189,0001,2021-01-27 08:06:38.586,2,9630,4162,688,1,1
328,2021012700010004186,0001,2021-01-27 08:06:39.602,2,10244,2696,648,2,2
329,2021012700010004189,0001,2021-01-27 08:06:39.602,2,7909,4098,675,1,1
330,2021012700010004186,0001,2021-01-27 08:06:40.617,2,11718,2653,686,3,3
331,2021012700010004189,0001,2021-01-27 08:06:40.617,2,6286,3894,668,1,1
332,2021012700010004186,0001,2021-01-27 08:06:41.632,2,13233,2734,617,3,3
333,2021012700010004189,0001,2021-01-27 08:06:41.632,2,4698,3825,616,2,2
334,2021012700010004189,0001,2021-01-27 08:06:42.634,2,3199,3701,627,2,2
335,2021012700010004189,0001,2021-01-27 08:06:43.649,2,1625,3573,587,3,3
336,2021012700010004189,0001,2021-01-27 08:06:44.664,2,28,3691,604,3,3
337,2021012700010004203,0001,2021-01-27 08:07:00.896,2,1889,2806,523,0,0
338,2021012700010004203,0001,2021-01-27 08:07:01.912,2,3270,2862,509,0,0
339,2021012700010004203,0001,2021-01-27 08:07:02.927,2,4730,2930,547,1,1
340,2021012700010004203,0001,2021-01-27 08:07:03.943,2,6037,2881,534,1,1
341,2021012700010004203,0001,2021-01-27 08:07:04.958,2,7394,2784,527,1,1
342,2021012700010004203,0001,2021-01-27 08:07:05.973,2,8887,2696,530,2,2
343,2021012700010004203,0001,2021-01-27 08:07:06.989,2,10265,2703,558,2,2
344,2021012700010004203,0001,2021-01-27 08:07:08.004,2,11637,2741,530,3,3
345,2021012700010004206,0001,2021-01-27 08:07:08.004,2,1002,3506,397,0,0
346,2021012700010004203,0001,2021-01-27 08:07:09.019,2,13028,2765,535,3,3
347,2021012700010004206,0001,2021-01-27 08:07:09.019,2,2184,3154,361,0,0
348,2021012700010004206,0001,2021-01-27 08:07:10.035,2,3696,3046,616,1,1
349,2021012700010004206,0001,2021-01-27 08:07:11.05,2,5125,2844,442,1,1
350,2021012700010004208,0001,2021-01-27 08:07:11.05,2,1021,3173,400,0,0
351,2021012700010004206,0001,2021-01-27 08:07:12.055,2,6494,2708,420,1,1
352,2021012700010004208,0001,2021-01-27 08:07:12.055,2,2399,3174,440,0,0
353,2021012700010004206,0001,2021-01-27 08:07:13.071,2,7893,2546,475,2,2
354,2021012700010004208,0001,2021-01-27 08:07:13.071,2,3776,3207,600,1,1
355,2021012700010004206,0001,2021-01-27 08:07:14.079,2,9222,2471,504,2,2
356,2021012700010004208,0001,2021-01-27 08:07:14.079,2,5113,3280,616,1,1
357,2021012700010004206,0001,2021-01-27 08:07:15.094,2,10517,2452,519,3,3
358,2021012700010004208,0001,2021-01-27 08:07:15.094,2,6345,3254,561,1,1
359,2021012700010004206,0001,2021-01-27 08:07:16.096,2,11956,2431,481,3,3
360,2021012700010004208,0001,2021-01-27 08:07:16.096,2,7742,3189,566,2,2
361,2021012700010004206,0001,2021-01-27 08:07:17.097,2,13282,2509,366,3,3
362,2021012700010004208,0001,2021-01-27 08:07:17.097,2,9173,3205,617,2,2
363,2021012700010004210,0001,2021-01-27 08:07:17.097,2,1269,4016,568,0,0
364,2021012700010004212,0001,2021-01-27 08:07:17.097,2,58,2619,480,0,0
365,2021012700010004208,0001,2021-01-27 08:07:18.098,2,10484,3182,634,3,3
366,2021012700010004210,0001,2021-01-27 08:07:18.098,2,2575,3793,565,0,0
367,2021012700010004212,0001,2021-01-27 08:07:18.098,2,1439,2451,482,0,0
368,2021012700010004208,0001,2021-01-27 08:07:19.114,2,11964,3179,606,3,3
369,2021012700010004210,0001,2021-01-27 08:07:19.114,2,3749,3688,477,1,1
370,2021012700010004212,0001,2021-01-27 08:07:19.114,2,2892,2286,506,0,0
371,2021012700010004213,0001,2021-01-27 08:07:19.114,2,156,3088,474,0,0
372,2021012700010004208,0001,2021-01-27 08:07:20.129,2,13308,3257,605,3,3
373,2021012700010004210,0001,2021-01-27 08:07:20.129,2,5089,3732,605,1,1
374,2021012700010004212,0001,2021-01-27 08:07:20.129,2,4268,2226,560,1,1
375,2021012700010004213,0001,2021-01-27 08:07:20.129,2,1397,2827,516,0,0
376,2021012700010004210,0001,2021-01-27 08:07:21.144,2,6346,3794,549,2,2
377,2021012700010004212,0001,2021-01-27 08:07:21.144,2,5629,2307,603,1,1
378,2021012700010004213,0001,2021-01-27 08:07:21.144,2,2809,2672,587,0,0
379,2021012700010004210,0001,2021-01-27 08:07:22.146,2,7708,3908,521,2,2
380,2021012700010004212,0001,2021-01-27 08:07:22.146,2,6954,2294,584,2,2
381,2021012700010004213,0001,2021-01-27 08:07:22.146,2,4108,2507,654,1,1
382,2021012700010004210,0001,2021-01-27 08:07:23.161,2,9115,3927,548,2,2
383,2021012700010004212,0001,2021-01-27 08:07:23.161,2,8338,2179,603,2,2
384,2021012700010004213,0001,2021-01-27 08:07:23.161,2,5471,2745,624,1,1
385,2021012700010004210,0001,2021-01-27 08:07:24.177,2,10456,3829,550,3,3
386,2021012700010004212,0001,2021-01-27 08:07:24.177,2,9868,2032,593,2,2
387,2021012700010004213,0001,2021-01-27 08:07:24.177,2,6888,2695,679,2,2
388,2021012700010004210,0001,2021-01-27 08:07:25.192,2,11700,3821,576,3,3
389,2021012700010004212,0001,2021-01-27 08:07:25.192,2,11297,1968,579,3,3
390,2021012700010004213,0001,2021-01-27 08:07:25.192,2,8277,2609,530,2,2
391,2021012700010004223,0001,2021-01-27 08:07:25.192,2,416,2256,440,0,0
392,2021012700010004210,0001,2021-01-27 08:07:26.208,2,13018,3964,573,4,4
393,2021012700010004212,0001,2021-01-27 08:07:26.208,2,12721,1959,587,3,3
394,2021012700010004213,0001,2021-01-27 08:07:26.208,2,9563,2563,526,2,2
395,2021012700010004219,0001,2021-01-27 08:07:26.208,2,608,3989,423,0,0
396,2021012700010004223,0001,2021-01-27 08:07:26.208,2,1812,2007,440,0,0
397,2021012700010004210,0001,2021-01-27 08:07:27.209,2,14287,4161,500,4,4
398,2021012700010004212,0001,2021-01-27 08:07:27.209,2,14181,2121,644,4,4
399,2021012700010004213,0001,2021-01-27 08:07:27.209,2,10911,2519,489,3,3
400,2021012700010004219,0001,2021-01-27 08:07:27.209,2,1945,3926,645,0,0
401,2021012700010004223,0001,2021-01-27 08:07:27.209,2,3261,1861,465,0,0
402,2021012700010004213,0001,2021-01-27 08:07:28.224,2,12284,2520,496,3,3
403,2021012700010004219,0001,2021-01-27 08:07:28.224,2,3179,3913,518,0,0
404,2021012700010004223,0001,2021-01-27 08:07:28.224,2,4746,1788,517,1,1
405,2021012700010004213,0001,2021-01-27 08:07:29.239,2,13704,2445,451,4,4
406,2021012700010004219,0001,2021-01-27 08:07:29.239,2,4407,3831,509,1,1
407,2021012700010004223,0001,2021-01-27 08:07:29.239,2,6221,1680,478,1,1
408,2021012700010004227,0001,2021-01-27 08:07:29.239,2,4609,3834,524,0,0
409,2021012700010004219,0001,2021-01-27 08:07:30.255,2,4407,3831,509,1,1
410,2021012700010004223,0001,2021-01-27 08:07:30.255,2,7670,1664,410,2,2
411,2021012700010004227,0001,2021-01-27 08:07:30.255,2,5871,3702,551,0,0
412,2021012700010004219,0001,2021-01-27 08:07:31.27,2,4407,3831,509,2,2
413,2021012700010004223,0001,2021-01-27 08:07:31.27,2,9121,1669,445,2,2
414,2021012700010004227,0001,2021-01-27 08:07:31.27,2,7180,3658,634,0,0
415,2021012700010004219,0001,2021-01-27 08:07:32.286,2,4407,3831,509,2,2
416,2021012700010004223,0001,2021-01-27 08:07:32.286,2,10724,1629,542,2,2
417,2021012700010004227,0001,2021-01-27 08:07:32.286,2,8444,3519,599,1,1
418,2021012700010004223,0001,2021-01-27 08:07:33.301,2,12289,1695,526,3,3
419,2021012700010004227,0001,2021-01-27 08:07:33.301,2,9816,3308,588,1,1
420,2021012700010004223,0001,2021-01-27 08:07:34.316,2,13682,1820,432,3,3
421,2021012700010004227,0001,2021-01-27 08:07:34.316,2,11142,3116,555,1,1
422,2021012700010004227,0001,2021-01-27 08:07:35.332,2,12420,3037,674,2,2
423,2021012700010004227,0001,2021-01-27 08:07:36.347,2,13694,3002,686,2,2
424,2021012700010004244,0001,2021-01-27 08:08:29.103,2,257,4194,479,0,0
425,2021012700010004244,0001,2021-01-27 08:08:30.119,2,1589,3791,503,0,0
426,2021012700010004244,0001,2021-01-27 08:08:31.134,2,3120,3402,489,0,0
427,2021012700010004244,0001,2021-01-27 08:08:32.149,2,4388,3144,494,1,1
428,2021012700010004244,0001,2021-01-27 08:08:33.165,2,5904,3189,498,1,1
429,2021012700010004244,0001,2021-01-27 08:08:34.18,2,7421,3092,526,2,2
430,2021012700010004244,0001,2021-01-27 08:08:35.195,2,8862,2986,532,2,2
431,2021012700010004244,0001,2021-01-27 08:08:36.211,2,10261,2940,477,2,2
432,2021012700010004244,0001,2021-01-27 08:08:37.226,2,11822,2975,587,3,3
433,2021012700010004244,0001,2021-01-27 08:08:38.242,2,13194,2998,600,3,3
434,2021012700010004252,0001,2021-01-27 08:08:49.397,2,1214,3845,533,0,0
435,2021012700010004252,0001,2021-01-27 08:08:50.412,2,2635,3632,521,0,0
436,2021012700010004252,0001,2021-01-27 08:08:51.428,2,4043,3547,518,1,1
437,2021012700010004252,0001,2021-01-27 08:08:52.443,2,5463,3462,539,1,1
438,2021012700010004252,0001,2021-01-27 08:08:53.458,2,6839,3353,501,1,1
439,2021012700010004252,0001,2021-01-27 08:08:54.474,2,8372,3256,552,2,2
440,2021012700010004252,0001,2021-01-27 08:08:55.489,2,9702,3128,490,2,2
441,2021012700010004252,0001,2021-01-27 08:08:56.505,2,11246,3047,569,3,3
442,2021012700010004252,0001,2021-01-27 08:08:57.506,2,12526,2803,542,3,3
443,2021012700010004260,0001,2021-01-27 08:08:57.506,2,1255,4071,393,0,0
444,2021012700010004252,0001,2021-01-27 08:08:58.521,2,14012,2599,561,4,4
445,2021012700010004260,0001,2021-01-27 08:08:58.521,2,2759,3879,536,0,0
446,2021012700010004260,0001,2021-01-27 08:08:59.537,2,4361,3865,564,1,1
447,2021012700010004260,0001,2021-01-27 08:09:00.552,2,5964,3876,569,1,1
448,2021012700010004260,0001,2021-01-27 08:09:01.568,2,7526,3859,580,1,1
449,2021012700010004260,0001,2021-01-27 08:09:02.583,2,9125,3759,593,2,2
450,2021012700010004264,0001,2021-01-27 08:09:02.583,2,98,3729,360,0,0
451,2021012700010004260,0001,2021-01-27 08:09:03.598,2,10832,3652,583,2,2
452,2021012700010004264,0001,2021-01-27 08:09:03.598,2,1824,3688,446,0,0
453,2021012700010004260,0001,2021-01-27 08:09:04.614,2,12457,3478,511,3,3
454,2021012700010004264,0001,2021-01-27 08:09:04.614,2,3482,3673,459,0,0
455,2021012700010004260,0001,2021-01-27 08:09:05.629,2,13843,3374,350,3,3
456,2021012700010004264,0001,2021-01-27 08:09:05.629,2,5050,3637,492,1,1
457,2021012700010004264,0001,2021-01-27 08:09:06.644,2,6565,3567,487,1,1
458,2021012700010004264,0001,2021-01-27 08:09:07.66,2,8270,3534,540,2,2
459,2021012700010004264,0001,2021-01-27 08:09:08.675,2,9829,3459,556,2,2
460,2021012700010004264,0001,2021-01-27 08:09:09.691,2,11587,3491,611,2,2
461,2021012700010004264,0001,2021-01-27 08:09:10.706,2,13188,3433,529,3,3
462,2021012700010004269,0001,2021-01-27 08:09:19.83,2,646,2875,431,0,0
463,2021012700010004269,0001,2021-01-27 08:09:20.846,2,2237,2861,647,0,0
464,2021012700010004269,0001,2021-01-27 08:09:21.861,2,3988,3038,524,0,0
465,2021012700010004269,0001,2021-01-27 08:09:22.877,2,5608,3053,631,1,1
466,2021012700010004269,0001,2021-01-27 08:09:23.892,2,7303,3011,589,1,1
467,2021012700010004269,0001,2021-01-27 08:09:24.907,2,8993,2990,646,2,2
468,2021012700010004269,0001,2021-01-27 08:09:25.923,2,10676,3011,679,2,2
469,2021012700010004269,0001,2021-01-27 08:09:26.924,2,12427,3067,741,2,2
470,2021012700010004269,0001,2021-01-27 08:09:27.94,2,13884,3172,686,3,3
471,2021012700010004286,0001,2021-01-27 08:09:35.048,2,13920,2518,508,0,0
472,2021012700010004286,0001,2021-01-27 08:09:36.063,2,12672,2818,486,0,0
473,2021012700010004286,0001,2021-01-27 08:09:37.078,2,11226,2984,594,0,0
474,2021012700010004286,0001,2021-01-27 08:09:38.094,2,9944,2900,576,1,1
475,2021012700010004286,0001,2021-01-27 08:09:39.109,2,8653,2939,568,1,1
476,2021012700010004286,0001,2021-01-27 08:09:40.125,2,7419,3076,586,2,2
477,2021012700010004289,0001,2021-01-27 08:09:40.125,2,516,4208,519,0,0
478,2021012700010004286,0001,2021-01-27 08:09:41.14,2,5915,3232,588,2,2
479,2021012700010004289,0001,2021-01-27 08:09:41.14,2,2179,4518,526,0,0
480,2021012700010004286,0001,2021-01-27 08:09:42.141,2,4490,3297,559,2,2
481,2021012700010004289,0001,2021-01-27 08:09:42.141,2,3691,4535,495,0,0
482,2021012700010004286,0001,2021-01-27 08:09:43.157,2,3040,3293,520,3,3
483,2021012700010004289,0001,2021-01-27 08:09:43.157,2,5205,4523,487,1,1
484,2021012700010004286,0001,2021-01-27 08:09:44.172,2,1698,3281,533,3,3
485,2021012700010004289,0001,2021-01-27 08:09:44.172,2,6719,4550,490,1,1
486,2021012700010004295,0001,2021-01-27 08:09:44.172,2,13217,2749,709,0,0
487,2021012700010004286,0001,2021-01-27 08:09:45.187,2,319,3311,509,4,4
488,2021012700010004289,0001,2021-01-27 08:09:45.187,2,8234,4633,464,2,2
489,2021012700010004295,0001,2021-01-27 08:09:45.187,2,11388,2841,730,0,0
490,2021012700010004289,0001,2021-01-27 08:09:46.203,2,9708,4672,438,2,2
491,2021012700010004295,0001,2021-01-27 08:09:46.203,2,9590,2980,643,1,1
492,2021012700010004289,0001,2021-01-27 08:09:47.218,2,11235,4629,378,2,2
493,2021012700010004295,0001,2021-01-27 08:09:47.218,2,7818,3126,693,1,1
494,2021012700010004289,0001,2021-01-27 08:09:48.234,2,12673,4290,458,3,3
495,2021012700010004295,0001,2021-01-27 08:09:48.234,2,6047,3240,643,1,1
496,2021012700010004289,0001,2021-01-27 08:09:49.249,2,14136,4152,463,3,3
497,2021012700010004295,0001,2021-01-27 08:09:49.249,2,4269,3231,690,2,2
498,2021012700010004295,0001,2021-01-27 08:09:50.264,2,2620,3103,467,2,2
499,2021012700010004306,0001,2021-01-27 08:09:50.264,2,370,1441,369,0,0
500,2021012700010004295,0001,2021-01-27 08:09:51.28,2,1026,3344,469,3,3
501,2021012700010004306,0001,2021-01-27 08:09:51.28,2,1853,1628,477,0,0
502,2021012700010004306,0001,2021-01-27 08:09:52.295,2,3584,1852,561,0,0
503,2021012700010004310,0001,2021-01-27 08:09:52.295,2,756,2006,607,0,0
504,2021012700010004306,0001,2021-01-27 08:09:53.311,2,5024,2047,613,1,1
505,2021012700010004310,0001,2021-01-27 08:09:53.311,2,1956,2206,635,0,0
506,2021012700010004306,0001,2021-01-27 08:09:54.326,2,6486,2235,603,1,1
507,2021012700010004310,0001,2021-01-27 08:09:54.326,2,3173,2416,666,1,1
508,2021012700010004306,0001,2021-01-27 08:09:55.341,2,7917,2365,620,2,2
509,2021012700010004310,0001,2021-01-27 08:09:55.341,2,4409,2642,711,1,1
510,2021012700010004306,0001,2021-01-27 08:09:56.357,2,9346,2504,592,2,2
511,2021012700010004310,0001,2021-01-27 08:09:56.357,2,5699,2768,706,1,1
512,2021012700010004306,0001,2021-01-27 08:09:57.369,2,10819,2723,634,2,2
513,2021012700010004310,0001,2021-01-27 08:09:57.369,2,6939,2857,691,2,2
514,2021012700010004312,0001,2021-01-27 08:09:57.369,2,150,3623,427,0,0
515,2021012700010004306,0001,2021-01-27 08:09:58.385,2,12232,2880,658,3,3
516,2021012700010004310,0001,2021-01-27 08:09:58.385,2,8156,2931,696,2,2
517,2021012700010004312,0001,2021-01-27 08:09:58.385,2,1496,3421,528,0,0
518,2021012700010004306,0001,2021-01-27 08:09:59.4,2,13671,2874,670,3,3
519,2021012700010004310,0001,2021-01-27 08:09:59.4,2,9372,2821,685,3,3
520,2021012700010004312,0001,2021-01-27 08:09:59.4,2,2863,3389,467,0,0
521,2021012700010004310,0001,2021-01-27 08:10:00.415,2,10637,2652,671,3,3
522,2021012700010004312,0001,2021-01-27 08:10:00.415,2,4482,3405,594,1,1
523,2021012700010004310,0001,2021-01-27 08:10:01.431,2,11819,2540,689,3,3
524,2021012700010004312,0001,2021-01-27 08:10:01.431,2,5729,3379,520,1,1
525,2021012700010004310,0001,2021-01-27 08:10:02.446,2,13036,2533,695,4,4
526,2021012700010004312,0001,2021-01-27 08:10:02.446,2,7115,3452,456,2,2
527,2021012700010004312,0001,2021-01-27 08:10:03.462,2,8595,3430,499,2,2
528,2021012700010004312,0001,2021-01-27 08:10:04.477,2,9910,3438,531,2,2
529,2021012700010004312,0001,2021-01-27 08:10:05.492,2,11207,3321,546,3,3
530,2021012700010004312,0001,2021-01-27 08:10:06.508,2,12917,3483,458,3,3
531,2021012700010004312,0001,2021-01-27 08:10:07.523,2,14292,3299,452,4,4
532,2021012700010004331,0001,2021-01-27 08:10:35.91,2,12967,623,572,0,0
533,2021012700010004331,0001,2021-01-27 08:10:36.926,2,11414,549,610,0,0
534,2021012700010004331,0001,2021-01-27 08:10:37.941,2,9913,519,607,1,1
535,2021012700010004331,0001,2021-01-27 08:10:38.956,2,8248,578,587,1,1
536,2021012700010004331,0001,2021-01-27 08:10:39.972,2,6706,587,591,1,1
537,2021012700010004331,0001,2021-01-27 08:10:40.987,2,5121,597,618,2,2
538,2021012700010004331,0001,2021-01-27 08:10:41.988,2,3492,805,607,2,2
539,2021012700010004331,0001,2021-01-27 08:10:43.004,2,1968,1184,624,3,3
540,2021012700010004331,0001,2021-01-27 08:10:44.019,2,256,1124,462,3,3
541,2021012700010004332,0001,2021-01-27 08:10:49.096,2,1042,2422,377,0,0
542,2021012700010004332,0001,2021-01-27 08:10:50.112,2,2447,2512,530,0,0
543,2021012700010004332,0001,2021-01-27 08:10:51.127,2,3582,2515,529,1,1
544,2021012700010004332,0001,2021-01-27 08:10:52.142,2,4899,2541,573,1,1
545,2021012700010004332,0001,2021-01-27 08:10:53.158,2,6167,2540,556,1,1
546,2021012700010004332,0001,2021-01-27 08:10:54.173,2,7496,2546,561,2,2
547,2021012700010004332,0001,2021-01-27 08:10:55.189,2,8801,2524,563,2,2
548,2021012700010004332,0001,2021-01-27 08:10:56.204,2,10169,2560,606,3,3
549,2021012700010004332,0001,2021-01-27 08:10:57.205,2,11367,2546,559,3,3
550,2021012700010004332,0001,2021-01-27 08:10:58.22,2,12713,2581,494,3,3
551,2021012700010004332,0001,2021-01-27 08:10:59.236,2,14035,2584,363,4,4
552,2021012700010004359,0001,2021-01-27 08:11:26.637,2,13026,2531,578,0,0
553,2021012700010004359,0001,2021-01-27 08:11:27.639,2,11271,2346,623,0,0
554,2021012700010004360,0001,2021-01-27 08:11:27.639,2,14202,652,696,0,0
555,2021012700010004359,0001,2021-01-27 08:11:28.654,2,9580,2326,634,1,1
556,2021012700010004360,0001,2021-01-27 08:11:28.654,2,12985,682,703,0,0
557,2021012700010004363,0001,2021-01-27 08:11:28.654,2,151,4181,484,0,0
558,2021012700010004359,0001,2021-01-27 08:11:29.669,2,7955,2246,539,1,1
559,2021012700010004360,0001,2021-01-27 08:11:29.669,2,11766,720,625,0,0
560,2021012700010004363,0001,2021-01-27 08:11:29.669,2,1459,3946,497,0,0
561,2021012700010004359,0001,2021-01-27 08:11:30.685,2,6192,2287,586,1,1
562,2021012700010004360,0001,2021-01-27 08:11:30.685,2,10437,729,639,1,1
563,2021012700010004363,0001,2021-01-27 08:11:30.685,2,2946,3824,448,0,0
564,2021012700010004359,0001,2021-01-27 08:11:31.7,2,4523,2293,642,2,2
565,2021012700010004360,0001,2021-01-27 08:11:31.7,2,9134,656,693,1,1
566,2021012700010004363,0001,2021-01-27 08:11:31.7,2,4280,3597,506,1,1
567,2021012700010004359,0001,2021-01-27 08:11:32.715,2,2783,2307,620,2,2
568,2021012700010004360,0001,2021-01-27 08:11:32.715,2,7833,630,664,2,2
569,2021012700010004363,0001,2021-01-27 08:11:32.715,2,5707,3314,452,1,1
570,2021012700010004359,0001,2021-01-27 08:11:33.731,2,1078,2228,480,3,3
571,2021012700010004360,0001,2021-01-27 08:11:33.731,2,6626,608,639,2,2
572,2021012700010004363,0001,2021-01-27 08:11:33.731,2,7167,3025,515,2,2
573,2021012700010004360,0001,2021-01-27 08:11:34.746,2,5442,621,627,2,2
574,2021012700010004363,0001,2021-01-27 08:11:34.746,2,8545,2798,522,2,2
575,2021012700010004360,0001,2021-01-27 08:11:35.762,2,4189,623,672,3,3
576,2021012700010004363,0001,2021-01-27 08:11:35.762,2,10056,2626,532,2,2
577,2021012700010004360,0001,2021-01-27 08:11:36.777,2,2909,669,580,3,3
578,2021012700010004363,0001,2021-01-27 08:11:36.777,2,11422,2249,554,3,3
579,2021012700010004360,0001,2021-01-27 08:11:37.792,2,1740,729,576,4,4
580,2021012700010004363,0001,2021-01-27 08:11:37.792,2,12724,2122,353,3,3
581,2021012700010004360,0001,2021-01-27 08:11:38.808,2,429,739,462,4,4
582,2021012700010004363,0001,2021-01-27 08:11:38.808,2,14190,1951,397,4,4
583,2021012700010004373,0001,2021-01-27 08:11:46.917,2,1290,3301,361,0,0
584,2021012700010004373,0001,2021-01-27 08:11:47.932,2,2708,3360,593,0,0
585,2021012700010004373,0001,2021-01-27 08:11:48.948,2,4210,3327,648,1,1
586,2021012700010004373,0001,2021-01-27 08:11:49.963,2,5620,3315,653,1,1
587,2021012700010004373,0001,2021-01-27 08:11:50.978,2,7063,3277,653,1,1
588,2021012700010004373,0001,2021-01-27 08:11:51.994,2,8472,3296,639,2,2
589,2021012700010004373,0001,2021-01-27 08:11:53.009,2,9949,3330,646,2,2
590,2021012700010004373,0001,2021-01-27 08:11:54.024,2,11341,3332,671,3,3
591,2021012700010004373,0001,2021-01-27 08:11:55.04,2,12718,3318,631,3,3
592,2021012700010004373,0001,2021-01-27 08:11:56.055,2,14156,3269,644,4,4
593,2021012700010004383,0001,2021-01-27 08:11:56.055,2,333,2778,429,0,0
594,2021012700010004383,0001,2021-01-27 08:11:57.065,2,1882,2536,570,0,0
595,2021012700010004383,0001,2021-01-27 08:11:58.08,2,3355,2606,661,0,0
596,2021012700010004383,0001,2021-01-27 08:11:59.095,2,4860,2508,776,1,1
597,2021012700010004383,0001,2021-01-27 08:12:00.111,2,6435,2553,640,1,1
598,2021012700010004383,0001,2021-01-27 08:12:01.126,2,7880,2408,720,2,2
599,2021012700010004383,0001,2021-01-27 08:12:02.142,2,9281,2425,743,2,2
600,2021012700010004383,0001,2021-01-27 08:12:03.157,2,10779,2587,677,2,2
601,2021012700010004383,0001,2021-01-27 08:12:04.172,2,12386,2773,725,3,3
602,2021012700010004383,0001,2021-01-27 08:12:05.187,2,13912,2716,685,3,3
603,2021012700010004395,0001,2021-01-27 08:12:21.404,2,110,2523,397,0,0
604,2021012700010004395,0001,2021-01-27 08:12:22.419,2,1147,2460,486,0,0
605,2021012700010004395,0001,2021-01-27 08:12:23.435,2,2193,2303,489,0,0
606,2021012700010004395,0001,2021-01-27 08:12:24.45,2,3145,2130,549,1,1
607,2021012700010004395,0001,2021-01-27 08:12:25.466,2,4279,2214,665,1,1
608,2021012700010004395,0001,2021-01-27 08:12:26.481,2,5362,2282,648,2,2
609,2021012700010004395,0001,2021-01-27 08:12:27.482,2,6391,2221,654,2,2
610,2021012700010004395,0001,2021-01-27 08:12:28.498,2,7463,2162,688,2,2
611,2021012700010004395,0001,2021-01-27 08:12:29.513,2,8548,2114,670,3,3
612,2021012700010004395,0001,2021-01-27 08:12:30.528,2,9621,2069,660,3,3
613,2021012700010004395,0001,2021-01-27 08:12:31.544,2,10679,2151,644,4,4
614,2021012700010004395,0001,2021-01-27 08:12:32.559,2,11718,2174,648,4,4
615,2021012700010004395,0001,2021-01-27 08:12:33.575,2,12796,2114,648,4,4
616,2021012700010004395,0001,2021-01-27 08:12:34.59,2,13725,2084,694,5,5
617,2021012700010004412,0001,2021-01-27 08:12:52.853,2,13095,1434,578,0,0
618,2021012700010004412,0001,2021-01-27 08:12:53.868,2,11126,1345,655,0,0
619,2021012700010004412,0001,2021-01-27 08:12:54.884,2,9213,1196,587,1,1
620,2021012700010004412,0001,2021-01-27 08:12:55.899,2,7271,1199,676,1,1
621,2021012700010004412,0001,2021-01-27 08:12:56.9,2,5260,1191,661,1,1
622,2021012700010004412,0001,2021-01-27 08:12:57.916,2,3238,1190,582,2,2
623,2021012700010004412,0001,2021-01-27 08:12:58.931,2,1369,1100,494,2,2
624,2021012700010004436,0001,2021-01-27 08:13:20.24,2,832,1801,499,0,0
625,2021012700010004436,0001,2021-01-27 08:13:21.256,2,2360,1553,640,0,0
626,2021012700010004436,0001,2021-01-27 08:13:22.271,2,3978,1367,669,0,0
627,2021012700010004436,0001,2021-01-27 08:13:23.286,2,5574,1265,624,1,1
628,2021012700010004438,0001,2021-01-27 08:13:23.286,2,13889,2074,615,0,0
629,2021012700010004436,0001,2021-01-27 08:13:24.302,2,7108,1273,627,1,1
630,2021012700010004438,0001,2021-01-27 08:13:24.302,2,12902,2460,606,0,0
631,2021012700010004439,0001,2021-01-27 08:13:24.302,2,1010,4247,477,0,0
632,2021012700010004436,0001,2021-01-27 08:13:25.317,2,8744,1290,625,2,2
633,2021012700010004438,0001,2021-01-27 08:13:25.317,2,11575,2806,573,0,0
634,2021012700010004439,0001,2021-01-27 08:13:25.317,2,2447,4264,459,0,0
635,2021012700010004444,0001,2021-01-27 08:13:25.317,2,13378,1921,381,0,0
636,2021012700010004436,0001,2021-01-27 08:13:26.332,2,10385,1390,502,2,2
637,2021012700010004438,0001,2021-01-27 08:13:26.332,2,10522,2866,517,1,1
638,2021012700010004439,0001,2021-01-27 08:13:26.332,2,3807,4442,457,1,1
639,2021012700010004444,0001,2021-01-27 08:13:26.332,2,12249,2216,566,0,0
640,2021012700010004436,0001,2021-01-27 08:13:27.334,2,10499,1314,532,3,3
641,2021012700010004438,0001,2021-01-27 08:13:27.334,2,9542,2713,562,1,1
642,2021012700010004439,0001,2021-01-27 08:13:27.334,2,5098,4571,391,1,1
643,2021012700010004444,0001,2021-01-27 08:13:27.334,2,11110,2337,552,1,1
644,2021012700010004447,0001,2021-01-27 08:13:27.334,2,12162,1303,567,0,0
645,2021012700010004436,0001,2021-01-27 08:13:28.349,2,10499,1314,532,3,3
646,2021012700010004438,0001,2021-01-27 08:13:28.349,2,8474,2730,672,2,2
647,2021012700010004439,0001,2021-01-27 08:13:28.349,2,6483,4603,383,1,1
648,2021012700010004444,0001,2021-01-27 08:13:28.349,2,9918,2198,532,1,1
649,2021012700010004447,0001,2021-01-27 08:13:28.349,2,13768,1326,377,0,0
650,2021012700010004436,0001,2021-01-27 08:13:29.364,2,10499,1314,532,3,3
651,2021012700010004438,0001,2021-01-27 08:13:29.364,2,7197,2741,651,2,2
652,2021012700010004439,0001,2021-01-27 08:13:29.364,2,7902,4588,492,2,2
653,2021012700010004444,0001,2021-01-27 08:13:29.364,2,8712,2152,512,1,1
654,2021012700010004438,0001,2021-01-27 08:13:30.38,2,5888,2635,596,2,2
655,2021012700010004439,0001,2021-01-27 08:13:30.38,2,9332,4517,542,2,2
656,2021012700010004444,0001,2021-01-27 08:13:30.38,2,7435,2025,407,2,2
657,2021012700010004446,0001,2021-01-27 08:13:30.38,2,859,2994,355,0,0
658,2021012700010004438,0001,2021-01-27 08:13:31.395,2,5031,2490,585,3,3
659,2021012700010004439,0001,2021-01-27 08:13:31.395,2,10410,4387,619,3,3
660,2021012700010004444,0001,2021-01-27 08:13:31.395,2,6883,1698,364,2,2
661,2021012700010004446,0001,2021-01-27 08:13:31.395,2,1955,3040,521,0,0
662,2021012700010004438,0001,2021-01-27 08:13:33.426,1,5031,2490,585,3,3
663,2021012700010004439,0001,2021-01-27 08:13:33.426,1,10410,4387,619,3,3
664,2021012700010004444,0001,2021-01-27 08:13:33.426,1,6883,1698,364,2,2
665,2021012700010004446,0001,2021-01-27 08:13:33.426,1,1955,3040,521,0,0
666,2021012700010004450,0001,2021-01-27 08:13:33.426,1,4706,1230,540,0,0
667,2021012700010004451,0001,2021-01-27 08:13:33.426,1,3605,2103,584,0,0
668,2021012700010004438,0001,2021-01-27 08:13:34.441,1,5031,2490,585,3,3
669,2021012700010004439,0001,2021-01-27 08:13:34.441,1,10410,4387,619,3,3
670,2021012700010004444,0001,2021-01-27 08:13:34.441,1,6883,1698,364,3,3
671,2021012700010004446,0001,2021-01-27 08:13:34.441,1,1955,3040,521,1,1
672,2021012700010004450,0001,2021-01-27 08:13:34.441,1,3469,1268,538,0,0
673,2021012700010004451,0001,2021-01-27 08:13:34.441,1,2474,2018,618,0,0
674,2021012700010004454,0001,2021-01-27 08:13:34.441,1,6678,3045,386,0,0
675,2021012700010004438,0001,2021-01-27 08:13:35.457,1,5031,2490,585,4,4
676,2021012700010004439,0001,2021-01-27 08:13:35.457,1,10410,4387,619,3,3
677,2021012700010004444,0001,2021-01-27 08:13:35.457,1,6883,1698,364,3,3
678,2021012700010004446,0001,2021-01-27 08:13:35.457,1,1955,3040,521,1,1
679,2021012700010004450,0001,2021-01-27 08:13:35.457,1,2250,1244,544,0,0
680,2021012700010004451,0001,2021-01-27 08:13:35.457,1,1164,1950,623,0,0
681,2021012700010004457,0001,2021-01-27 08:13:35.457,1,8310,2782,545,0,0
682,2021012700010004450,0001,2021-01-27 08:13:36.472,1,935,1109,417,1,1
683,2021012700010004457,0001,2021-01-27 08:13:36.472,1,9910,2655,538,0,0
684,2021012700010004457,0001,2021-01-27 08:13:37.488,1,11430,2639,514,0,0
685,2021012700010004457,0001,2021-01-27 08:13:38.503,1,12213,2652,553,1,1
686,2021012700010004457,0001,2021-01-27 08:13:39.518,2,12213,2652,553,1,1
687,2021012700010004464,0001,2021-01-27 08:13:39.518,2,1533,2576,467,0,0
688,2021012700010004457,0001,2021-01-27 08:13:40.534,2,12213,2652,553,1,1
689,2021012700010004464,0001,2021-01-27 08:13:40.534,2,2871,2672,439,0,0
690,2021012700010004465,0001,2021-01-27 08:13:40.534,2,874,2954,528,0,0
691,2021012700010004457,0001,2021-01-27 08:13:41.549,2,12213,2652,553,2,2
692,2021012700010004464,0001,2021-01-27 08:13:41.549,2,4158,2679,466,0,0
693,2021012700010004465,0001,2021-01-27 08:13:41.549,2,2126,2919,559,0,0
694,2021012700010004467,0001,2021-01-27 08:13:41.549,2,615,3339,607,0,0
695,2021012700010004464,0001,2021-01-27 08:13:42.55,2,5441,2672,477,1,1
696,2021012700010004465,0001,2021-01-27 08:13:42.55,2,3387,2880,563,1,1
697,2021012700010004467,0001,2021-01-27 08:13:42.55,2,2161,3590,657,0,0
698,2021012700010004464,0001,2021-01-27 08:13:43.566,2,6818,2585,471,1,1
699,2021012700010004465,0001,2021-01-27 08:13:43.566,2,4703,2867,555,1,1
700,2021012700010004467,0001,2021-01-27 08:13:43.566,2,3774,3860,499,0,0
701,2021012700010004464,0001,2021-01-27 08:13:44.581,2,8076,2530,520,2,2
702,2021012700010004465,0001,2021-01-27 08:13:44.581,2,5887,2839,571,1,1
703,2021012700010004466,0001,2021-01-27 08:13:44.581,2,1061,4037,402,0,0
704,2021012700010004467,0001,2021-01-27 08:13:44.581,2,5225,3885,486,1,1
705,2021012700010004464,0001,2021-01-27 08:13:45.596,2,9425,2548,481,2,2
706,2021012700010004465,0001,2021-01-27 08:13:45.596,2,7193,2834,543,2,2
707,2021012700010004466,0001,2021-01-27 08:13:45.596,2,2520,3836,822,0,0
708,2021012700010004467,0001,2021-01-27 08:13:45.596,2,7031,3858,701,1,1
709,2021012700010004464,0001,2021-01-27 08:13:46.612,2,10875,2626,444,2,2
710,2021012700010004465,0001,2021-01-27 08:13:46.612,2,8424,2839,504,2,2
711,2021012700010004466,0001,2021-01-27 08:13:46.612,2,3781,3619,775,1,1
712,2021012700010004467,0001,2021-01-27 08:13:46.612,2,8634,3866,702,2,2
713,2021012700010004464,0001,2021-01-27 08:13:47.627,2,12137,2721,650,3,3
714,2021012700010004465,0001,2021-01-27 08:13:47.627,2,9714,2877,530,3,3
715,2021012700010004466,0001,2021-01-27 08:13:47.627,2,5148,3425,785,1,1
716,2021012700010004467,0001,2021-01-27 08:13:47.627,2,10266,3889,670,2,2
717,2021012700010004472,0001,2021-01-27 08:13:47.627,2,25,2631,461,0,0
718,2021012700010004464,0001,2021-01-27 08:13:48.643,2,13527,2607,407,3,3
719,2021012700010004465,0001,2021-01-27 08:13:48.643,2,10995,2919,546,3,3
720,2021012700010004466,0001,2021-01-27 08:13:48.643,2,6394,3257,751,1,1
721,2021012700010004467,0001,2021-01-27 08:13:48.643,2,11852,3907,653,3,3
722,2021012700010004472,0001,2021-01-27 08:13:48.643,2,1405,2638,537,0,0
723,2021012700010004465,0001,2021-01-27 08:13:49.658,2,11733,2925,528,3,3
724,2021012700010004466,0001,2021-01-27 08:13:49.658,2,7641,3205,727,2,2
725,2021012700010004467,0001,2021-01-27 08:13:49.658,2,13469,3827,660,3,3
726,2021012700010004472,0001,2021-01-27 08:13:49.658,2,2768,2764,697,0,0
727,2021012700010004465,0001,2021-01-27 08:13:50.674,2,11733,2925,528,4,4
728,2021012700010004466,0001,2021-01-27 08:13:50.674,2,8971,3177,748,2,2
729,2021012700010004472,0001,2021-01-27 08:13:50.674,2,4147,2782,718,1,1
730,2021012700010004482,0001,2021-01-27 08:13:50.674,2,13498,2754,566,0,0
731,2021012700010004465,0001,2021-01-27 08:13:51.689,2,11733,2925,528,4,4
732,2021012700010004466,0001,2021-01-27 08:13:51.689,2,10541,3168,795,3,3
733,2021012700010004472,0001,2021-01-27 08:13:51.689,2,5714,2823,695,1,1
734,2021012700010004466,0001,2021-01-27 08:13:52.704,2,11854,3172,780,3,3
735,2021012700010004472,0001,2021-01-27 08:13:52.704,2,7125,2846,755,2,2
736,2021012700010004466,0001,2021-01-27 08:13:53.72,2,13107,3234,800,4,4
737,2021012700010004472,0001,2021-01-27 08:13:53.72,2,8423,2720,752,2,2
738,2021012700010004472,0001,2021-01-27 08:13:54.735,2,9861,2643,719,2,2
739,2021012700010004472,0001,2021-01-27 08:13:55.75,2,11301,2610,715,3,3
740,2021012700010004472,0001,2021-01-27 08:13:56.767,2,12744,2535,683,3,3
741,2021012700010004472,0001,2021-01-27 08:13:57.783,2,14147,2526,692,4,4
742,2021012700010004493,0001,2021-01-27 08:14:11.994,2,1111,3721,390,0,0
743,2021012700010004493,0001,2021-01-27 08:14:13.01,2,2412,3615,398,0,0
744,2021012700010004493,0001,2021-01-27 08:14:14.025,2,3693,3542,492,1,1
745,2021012700010004493,0001,2021-01-27 08:14:15.04,2,5071,3605,504,1,1
746,2021012700010004493,0001,2021-01-27 08:14:16.056,2,6403,3645,530,1,1
747,2021012700010004497,0001,2021-01-27 08:14:16.056,2,13982,1244,540,0,0
748,2021012700010004493,0001,2021-01-27 08:14:17.071,2,7728,3628,542,2,2
749,2021012700010004497,0001,2021-01-27 08:14:17.071,2,12329,1405,547,0,0
750,2021012700010004493,0001,2021-01-27 08:14:18.086,2,9075,3531,534,2,2
751,2021012700010004497,0001,2021-01-27 08:14:18.086,2,10709,1552,565,0,0
752,2021012700010004501,0001,2021-01-27 08:14:18.086,2,899,3688,569,0,0
753,2021012700010004493,0001,2021-01-27 08:14:19.102,2,10427,3390,506,3,3
754,2021012700010004497,0001,2021-01-27 08:14:19.102,2,8865,1704,516,1,1
755,2021012700010004501,0001,2021-01-27 08:14:19.102,2,2287,3594,523,0,0
756,2021012700010004503,0001,2021-01-27 08:14:19.102,2,1110,2999,562,0,0
757,2021012700010004493,0001,2021-01-27 08:14:20.117,2,11815,3331,595,3,3
758,2021012700010004497,0001,2021-01-27 08:14:20.117,2,7282,1711,547,1,1
759,2021012700010004501,0001,2021-01-27 08:14:20.117,2,3451,3508,376,1,1
760,2021012700010004503,0001,2021-01-27 08:14:20.117,2,2555,2961,760,0,0
761,2021012700010004510,0001,2021-01-27 08:14:20.117,2,3911,3742,546,0,0
762,2021012700010004493,0001,2021-01-27 08:14:21.133,2,13187,3438,396,3,3
763,2021012700010004497,0001,2021-01-27 08:14:21.133,2,5604,1599,621,2,2
764,2021012700010004501,0001,2021-01-27 08:14:21.133,2,3451,3508,376,1,1
765,2021012700010004503,0001,2021-01-27 08:14:21.133,2,3977,2834,744,1,1
766,2021012700010004510,0001,2021-01-27 08:14:21.133,2,5303,3796,560,0,0
767,2021012700010004497,0001,2021-01-27 08:14:22.148,2,4031,1620,519,2,2
768,2021012700010004501,0001,2021-01-27 08:14:22.148,2,3451,3508,376,1,1
769,2021012700010004503,0001,2021-01-27 08:14:22.148,2,5335,2796,527,1,1
770,2021012700010004510,0001,2021-01-27 08:14:22.148,2,6692,3826,571,0,0
771,2021012700010004497,0001,2021-01-27 08:14:23.164,2,2349,1908,563,2,2
772,2021012700010004503,0001,2021-01-27 08:14:23.164,2,6940,2565,735,1,1
773,2021012700010004510,0001,2021-01-27 08:14:23.164,2,6691,3806,388,1,1
774,2021012700010004516,0001,2021-01-27 08:14:23.164,2,7994,3664,498,0,0
775,2021012700010004497,0001,2021-01-27 08:14:24.179,2,808,2071,521,3,3
776,2021012700010004503,0001,2021-01-27 08:14:24.179,2,8394,2429,736,2,2
777,2021012700010004508,0001,2021-01-27 08:14:24.179,2,925,3876,411,0,0
778,2021012700010004510,0001,2021-01-27 08:14:24.179,2,6691,3806,388,1,1
779,2021012700010004516,0001,2021-01-27 08:14:24.179,2,9435,3624,551,0,0
780,2021012700010004503,0001,2021-01-27 08:14:25.194,2,10050,2343,765,2,2
781,2021012700010004508,0001,2021-01-27 08:14:25.194,2,2461,3947,482,0,0
782,2021012700010004516,0001,2021-01-27 08:14:25.194,2,10936,3581,573,1,1
783,2021012700010004503,0001,2021-01-27 08:14:26.21,2,11394,2215,710,3,3
784,2021012700010004508,0001,2021-01-27 08:14:26.21,2,3855,4004,731,1,1
785,2021012700010004516,0001,2021-01-27 08:14:26.21,2,12411,3492,592,1,1
786,2021012700010004523,0001,2021-01-27 08:14:26.21,2,11710,2261,550,0,0
787,2021012700010004503,0001,2021-01-27 08:14:27.211,2,11619,2204,726,3,3
788,2021012700010004508,0001,2021-01-27 08:14:27.211,2,5081,3927,703,1,1
789,2021012700010004516,0001,2021-01-27 08:14:27.211,2,13751,3421,524,1,1
790,2021012700010004523,0001,2021-01-27 08:14:27.211,2,12988,2200,754,0,0
791,2021012700010004503,0001,2021-01-27 08:14:28.227,2,11619,2204,726,3,3
792,2021012700010004508,0001,2021-01-27 08:14:28.227,2,6474,3802,705,1,1
793,2021012700010004503,0001,2021-01-27 08:14:29.242,2,11619,2204,726,4,4
794,2021012700010004508,0001,2021-01-27 08:14:29.242,2,7697,3654,589,2,2
795,2021012700010004508,0001,2021-01-27 08:14:30.258,2,9097,3607,557,2,2
796,2021012700010004508,0001,2021-01-27 08:14:31.273,2,10345,3537,528,3,3
797,2021012700010004508,0001,2021-01-27 08:14:32.288,2,11786,3463,591,3,3
798,2021012700010004508,0001,2021-01-27 08:14:33.304,2,13116,3359,663,3,3
799,2021012700010004529,0001,2021-01-27 08:14:55.628,2,536,4089,658,0,0
800,2021012700010004529,0001,2021-01-27 08:14:56.643,2,1549,3839,572,0,0
801,2021012700010004529,0001,2021-01-27 08:14:57.645,2,2447,3689,494,1,1
802,2021012700010004534,0001,2021-01-27 08:14:57.645,2,2689,3979,709,0,0
803,2021012700010004529,0001,2021-01-27 08:14:58.66,2,3685,4045,742,1,1
804,2021012700010004535,0001,2021-01-27 08:14:58.66,2,3514,3795,489,0,0
805,2021012700010004529,0001,2021-01-27 08:14:59.674,2,4358,3870,450,1,1
806,2021012700010004535,0001,2021-01-27 08:14:59.674,2,4564,4007,553,0,0
807,2021012700010004529,0001,2021-01-27 08:15:00.689,2,4358,3870,450,2,2
808,2021012700010004535,0001,2021-01-27 08:15:00.689,2,5764,4087,649,0,0
809,2021012700010004529,0001,2021-01-27 08:15:01.704,2,4358,3870,450,2,2
810,2021012700010004535,0001,2021-01-27 08:15:01.704,2,6900,4093,729,1,1
811,2021012700010004535,0001,2021-01-27 08:15:02.72,2,7394,4106,662,1,1
812,2021012700010004538,0001,2021-01-27 08:15:02.72,2,7611,4138,605,0,0
813,2021012700010004535,0001,2021-01-27 08:15:03.735,2,7394,4106,662,2,2
814,2021012700010004538,0001,2021-01-27 08:15:03.735,2,8918,4013,711,0,0
815,2021012700010004535,0001,2021-01-27 08:15:04.751,2,7394,4106,662,2,2
816,2021012700010004538,0001,2021-01-27 08:15:04.751,2,9709,3955,865,0,0
817,2021012700010004538,0001,2021-01-27 08:15:05.766,2,10891,3961,718,1,1
818,2021012700010004538,0001,2021-01-27 08:15:06.781,2,11981,3934,731,1,1
819,2021012700010004538,0001,2021-01-27 08:15:07.797,2,12975,3940,755,2,2
820,2021012700010004538,0001,2021-01-27 08:15:08.812,2,13986,3840,489,2,2
821,2021012700010004547,0001,2021-01-27 08:15:27.061,2,783,2887,582,0,0
822,2021012700010004547,0001,2021-01-27 08:15:28.076,2,2330,2714,610,0,0
823,2021012700010004547,0001,2021-01-27 08:15:29.092,2,3616,2429,554,0,0
824,2021012700010004547,0001,2021-01-27 08:15:30.107,2,5096,2295,537,1,1
825,2021012700010004551,0001,2021-01-27 08:15:30.107,2,5426,2345,635,0,0
826,2021012700010004547,0001,2021-01-27 08:15:31.123,2,6724,2205,623,1,1
827,2021012700010004547,0001,2021-01-27 08:15:32.138,2,8019,1980,541,2,2
828,2021012700010004550,0001,2021-01-27 08:15:32.138,2,1303,3436,482,0,0
829,2021012700010004547,0001,2021-01-27 08:15:33.153,2,9587,1974,657,2,2
830,2021012700010004550,0001,2021-01-27 08:15:33.153,2,2711,3267,484,0,0
831,2021012700010004547,0001,2021-01-27 08:15:34.169,2,11108,2034,644,3,3
832,2021012700010004549,0001,2021-01-27 08:15:34.169,2,1186,4032,355,0,0
833,2021012700010004550,0001,2021-01-27 08:15:34.169,2,4357,3113,544,1,1
834,2021012700010004547,0001,2021-01-27 08:15:35.184,2,12587,2050,670,3,3
835,2021012700010004549,0001,2021-01-27 08:15:35.184,2,2886,3954,406,0,0
836,2021012700010004550,0001,2021-01-27 08:15:35.184,2,5914,2935,504,1,1
837,2021012700010004547,0001,2021-01-27 08:15:36.199,2,14006,2030,618,3,3
838,2021012700010004549,0001,2021-01-27 08:15:36.199,2,4478,3950,470,1,1
839,2021012700010004550,0001,2021-01-27 08:15:36.199,2,7458,2904,596,1,1
840,2021012700010004549,0001,2021-01-27 08:15:37.215,2,6099,3926,419,1,1
841,2021012700010004550,0001,2021-01-27 08:15:37.215,2,8972,2831,591,2,2
842,2021012700010004549,0001,2021-01-27 08:15:38.23,2,7819,3964,447,1,1
843,2021012700010004550,0001,2021-01-27 08:15:38.23,2,10517,2696,526,2,2
844,2021012700010004549,0001,2021-01-27 08:15:39.246,2,9699,4031,601,2,2
845,2021012700010004550,0001,2021-01-27 08:15:39.246,2,12112,2629,541,3,3
846,2021012700010004549,0001,2021-01-27 08:15:40.261,2,11204,4022,604,2,2
847,2021012700010004550,0001,2021-01-27 08:15:40.261,2,13698,2671,540,3,3
848,2021012700010004549,0001,2021-01-27 08:15:41.276,2,13089,4013,413,3,3
849,2021012700010004557,0001,2021-01-27 08:15:46.339,2,517,4076,602,0,0
850,2021012700010004557,0001,2021-01-27 08:15:47.355,2,1944,3870,485,0,0
851,2021012700010004557,0001,2021-01-27 08:15:48.37,2,3281,3684,489,0,0
852,2021012700010004557,0001,2021-01-27 08:15:49.385,2,4585,3478,558,1,1
853,2021012700010004557,0001,2021-01-27 08:15:50.401,2,5897,3325,568,1,1
854,2021012700010004557,0001,2021-01-27 08:15:51.416,2,7321,3243,551,2,2
855,2021012700010004557,0001,2021-01-27 08:15:52.432,2,8589,3213,570,2,2
856,2021012700010004557,0001,2021-01-27 08:15:53.447,2,9963,3262,596,2,2
857,2021012700010004557,0001,2021-01-27 08:15:54.462,2,11359,3363,623,3,3
858,2021012700010004565,0001,2021-01-27 08:15:54.462,2,396,3819,393,0,0
859,2021012700010004557,0001,2021-01-27 08:15:55.478,2,12727,3409,576,3,3
860,2021012700010004565,0001,2021-01-27 08:15:55.478,2,1986,3400,468,0,0
861,2021012700010004567,0001,2021-01-27 08:15:55.478,2,680,2710,358,0,0
862,2021012700010004557,0001,2021-01-27 08:15:56.493,2,14035,3425,558,4,4
863,2021012700010004565,0001,2021-01-27 08:15:56.493,2,2746,3232,395,0,0
864,2021012700010004567,0001,2021-01-27 08:15:56.493,2,2108,2469,463,0,0
865,2021012700010004565,0001,2021-01-27 08:15:57.494,2,2746,3232,395,1,1
866,2021012700010004567,0001,2021-01-27 08:15:57.494,2,3596,2365,563,0,0
867,2021012700010004565,0001,2021-01-27 08:15:58.51,2,2746,3232,395,1,1
868,2021012700010004567,0001,2021-01-27 08:15:58.51,2,5127,2329,650,1,1
869,2021012700010004570,0001,2021-01-27 08:15:58.51,2,6859,3014,447,0,0
870,2021012700010004567,0001,2021-01-27 08:15:59.525,2,6630,2302,657,1,1
871,2021012700010004570,0001,2021-01-27 08:15:59.525,2,8455,2923,457,0,0
872,2021012700010004567,0001,2021-01-27 08:16:00.541,2,8255,2232,636,2,2
873,2021012700010004569,0001,2021-01-27 08:16:00.541,2,204,4042,564,0,0
874,2021012700010004570,0001,2021-01-27 08:16:00.541,2,10069,2789,520,1,1
875,2021012700010004567,0001,2021-01-27 08:16:01.556,2,9717,2134,594,2,2
876,2021012700010004569,0001,2021-01-27 08:16:01.556,2,1568,3792,409,0,0
877,2021012700010004570,0001,2021-01-27 08:16:01.556,2,11635,2579,588,1,1
878,2021012700010004567,0001,2021-01-27 08:16:02.571,2,11314,2124,662,2,2
879,2021012700010004569,0001,2021-01-27 08:16:02.571,2,2933,3679,512,0,0
880,2021012700010004570,0001,2021-01-27 08:16:02.571,2,13214,2416,498,1,1
881,2021012700010004567,0001,2021-01-27 08:16:03.587,2,12872,2212,693,3,3
882,2021012700010004569,0001,2021-01-27 08:16:03.587,2,4274,3592,521,1,1
883,2021012700010004569,0001,2021-01-27 08:16:04.602,2,5621,3500,531,1,1
884,2021012700010004569,0001,2021-01-27 08:16:05.618,2,6804,3487,507,2,2
885,2021012700010004572,0001,2021-01-27 08:16:05.618,2,6979,3500,522,0,0
886,2021012700010004569,0001,2021-01-27 08:16:06.633,2,6804,3487,507,2,2
887,2021012700010004572,0001,2021-01-27 08:16:06.633,2,8458,3483,529,0,0
888,2021012700010004569,0001,2021-01-27 08:16:07.648,2,6804,3487,507,2,2
889,2021012700010004572,0001,2021-01-27 08:16:07.648,2,9833,3386,549,0,0
890,2021012700010004569,0001,2021-01-27 08:16:08.664,2,6804,3487,507,3,3
891,2021012700010004572,0001,2021-01-27 08:16:08.664,2,11284,3157,671,1,1
892,2021012700010004572,0001,2021-01-27 08:16:09.679,2,12752,3092,645,1,1
893,2021012700010004588,0001,2021-01-27 08:16:48.233,2,784,2545,384,0,0
894,2021012700010004588,0001,2021-01-27 08:16:49.249,2,2031,2337,595,0,0
895,2021012700010004588,0001,2021-01-27 08:16:50.264,2,3294,2192,605,1,1
896,2021012700010004588,0001,2021-01-27 08:16:51.279,2,4580,2012,613,1,1
897,2021012700010004588,0001,2021-01-27 08:16:52.295,2,5922,1885,593,1,1
898,2021012700010004588,0001,2021-01-27 08:16:53.31,2,7133,1848,604,2,2
899,2021012700010004590,0001,2021-01-27 08:16:53.31,2,930,2959,438,0,0
900,2021012700010004591,0001,2021-01-27 08:16:53.31,2,442,4163,474,0,0
901,2021012700010004588,0001,2021-01-27 08:16:54.326,2,8418,1792,622,2,2
902,2021012700010004590,0001,2021-01-27 08:16:54.326,2,2036,2857,431,0,0
903,2021012700010004591,0001,2021-01-27 08:16:54.326,2,1980,4103,480,0,0
904,2021012700010004588,0001,2021-01-27 08:16:55.341,2,9683,1796,617,3,3
905,2021012700010004590,0001,2021-01-27 08:16:55.341,2,3124,2787,440,1,1
906,2021012700010004591,0001,2021-01-27 08:16:55.341,2,3496,4038,493,0,0
907,2021012700010004588,0001,2021-01-27 08:16:56.356,2,11051,1801,598,3,3
908,2021012700010004590,0001,2021-01-27 08:16:56.356,2,4387,2827,544,1,1
909,2021012700010004591,0001,2021-01-27 08:16:56.356,2,5044,3957,483,1,1
910,2021012700010004588,0001,2021-01-27 08:16:57.358,2,12398,1771,610,3,3
911,2021012700010004590,0001,2021-01-27 08:16:57.358,2,5469,2761,583,1,1
912,2021012700010004591,0001,2021-01-27 08:16:57.358,2,6484,3900,537,1,1
913,2021012700010004588,0001,2021-01-27 08:16:58.373,2,13802,1720,375,4,4
914,2021012700010004590,0001,2021-01-27 08:16:58.373,2,6584,2713,559,2,2
915,2021012700010004591,0001,2021-01-27 08:16:58.373,2,7968,3933,582,2,2
916,2021012700010004590,0001,2021-01-27 08:16:59.388,2,7726,2645,576,2,2
917,2021012700010004591,0001,2021-01-27 08:16:59.388,2,9349,3875,647,2,2
918,2021012700010004590,0001,2021-01-27 08:17:00.404,2,8862,2523,550,3,3
919,2021012700010004591,0001,2021-01-27 08:17:00.404,2,10819,3833,621,2,2
920,2021012700010004590,0001,2021-01-27 08:17:01.419,2,10006,2427,521,3,3
921,2021012700010004591,0001,2021-01-27 08:17:01.419,2,12145,3742,614,3,3
922,2021012700010004590,0001,2021-01-27 08:17:02.434,2,11143,2439,504,3,3
923,2021012700010004591,0001,2021-01-27 08:17:02.434,2,13582,3552,475,3,3
924,2021012700010004590,0001,2021-01-27 08:17:03.45,2,12373,2623,505,4,4
925,2021012700010004590,0001,2021-01-27 08:17:04.465,2,13389,2537,397,4,4
926,2021012700010004593,0001,2021-01-27 08:17:09.542,2,12896,1355,567,0,0
927,2021012700010004593,0001,2021-01-27 08:17:10.558,2,11459,1407,609,0,0
928,2021012700010004593,0001,2021-01-27 08:17:11.573,2,10179,1430,628,1,1
929,2021012700010004593,0001,2021-01-27 08:17:12.579,2,8970,1419,640,1,1
930,2021012700010004593,0001,2021-01-27 08:17:13.594,2,7633,1395,650,2,2
931,2021012700010004593,0001,2021-01-27 08:17:14.602,2,6493,1377,701,2,2
932,2021012700010004593,0001,2021-01-27 08:17:15.617,2,5078,1358,692,2,2
933,2021012700010004593,0001,2021-01-27 08:17:16.618,2,3855,1338,660,3,3
934,2021012700010004593,0001,2021-01-27 08:17:17.631,2,2520,1293,637,3,3
935,2021012700010004593,0001,2021-01-27 08:17:18.632,2,1153,1249,586,4,4
936,2021012700010004600,0001,2021-01-27 08:17:23.695,2,931,1990,543,0,0
937,2021012700010004600,0001,2021-01-27 08:17:24.71,2,2303,1900,497,0,0
938,2021012700010004600,0001,2021-01-27 08:17:25.725,2,3830,1957,558,1,1
939,2021012700010004600,0001,2021-01-27 08:17:26.741,2,5318,1929,669,1,1
940,2021012700010004601,0001,2021-01-27 08:17:26.741,2,1443,2830,483,0,0
941,2021012700010004600,0001,2021-01-27 08:17:27.747,2,6789,1967,679,1,1
942,2021012700010004601,0001,2021-01-27 08:17:27.747,2,3012,2507,615,0,0
943,2021012700010004600,0001,2021-01-27 08:17:28.763,2,8124,1970,699,2,2
944,2021012700010004601,0001,2021-01-27 08:17:28.763,2,4570,2461,617,1,1
945,2021012700010004600,0001,2021-01-27 08:17:29.778,2,9547,1965,728,2,2
946,2021012700010004601,0001,2021-01-27 08:17:29.778,2,6177,2483,624,1,1
947,2021012700010004603,0001,2021-01-27 08:17:29.778,2,278,3945,397,0,0
948,2021012700010004600,0001,2021-01-27 08:17:30.793,2,11055,1949,687,3,3
949,2021012700010004601,0001,2021-01-27 08:17:30.793,2,7979,2423,641,1,1
950,2021012700010004603,0001,2021-01-27 08:17:30.793,2,1692,3626,422,0,0
951,2021012700010004600,0001,2021-01-27 08:17:31.809,2,12455,1944,715,3,3
952,2021012700010004601,0001,2021-01-27 08:17:31.809,2,9587,2281,655,2,2
953,2021012700010004603,0001,2021-01-27 08:17:31.809,2,3034,3303,481,0,0
954,2021012700010004600,0001,2021-01-27 08:17:32.824,2,13827,1941,737,3,3
955,2021012700010004601,0001,2021-01-27 08:17:32.824,2,11178,2173,600,2,2
956,2021012700010004603,0001,2021-01-27 08:17:32.824,2,4212,2972,604,1,1
957,2021012700010004605,0001,2021-01-27 08:17:32.824,2,1360,3503,496,0,0
958,2021012700010004601,0001,2021-01-27 08:17:33.84,2,12933,2106,575,3,3
959,2021012700010004603,0001,2021-01-27 08:17:33.84,2,5556,2745,587,1,1
960,2021012700010004605,0001,2021-01-27 08:17:33.84,2,2814,3516,509,0,0
961,2021012700010004603,0001,2021-01-27 08:17:34.855,2,6987,2583,641,2,2
962,2021012700010004605,0001,2021-01-27 08:17:34.855,2,4260,3449,481,1,1
963,2021012700010004603,0001,2021-01-27 08:17:35.87,2,8334,2471,552,2,2
964,2021012700010004605,0001,2021-01-27 08:17:35.87,2,5746,3489,480,1,1
965,2021012700010004603,0001,2021-01-27 08:17:36.886,2,9723,2358,587,2,2
966,2021012700010004605,0001,2021-01-27 08:17:36.886,2,7273,3514,636,1,1
967,2021012700010004603,0001,2021-01-27 08:17:37.901,2,11079,2255,597,3,3
968,2021012700010004605,0001,2021-01-27 08:17:37.901,2,8637,3429,681,2,2
969,2021012700010004603,0001,2021-01-27 08:17:38.917,2,12499,2177,623,3,3
970,2021012700010004605,0001,2021-01-27 08:17:38.917,2,10027,3407,768,2,2
971,2021012700010004609,0001,2021-01-27 08:17:38.917,2,1173,4162,454,0,0
972,2021012700010004603,0001,2021-01-27 08:17:39.932,2,13883,1990,391,4,4
973,2021012700010004605,0001,2021-01-27 08:17:39.932,2,11427,3387,743,3,3
974,2021012700010004609,0001,2021-01-27 08:17:39.932,2,2355,4294,470,0,0
975,2021012700010004612,0001,2021-01-27 08:17:39.932,2,274,2260,541,0,0
976,2021012700010004605,0001,2021-01-27 08:17:40.947,2,12835,3350,761,3,3
977,2021012700010004609,0001,2021-01-27 08:17:40.947,2,3582,4413,560,1,1
978,2021012700010004612,0001,2021-01-27 08:17:40.947,2,1398,1903,551,0,0
979,2021012700010004609,0001,2021-01-27 08:17:41.949,2,4767,4386,484,1,1
980,2021012700010004612,0001,2021-01-27 08:17:41.949,2,2712,1550,547,0,0
981,2021012700010004614,0001,2021-01-27 08:17:41.949,2,1362,2602,500,0,0
982,2021012700010004609,0001,2021-01-27 08:17:42.964,2,5909,4390,489,2,2
983,2021012700010004612,0001,2021-01-27 08:17:42.964,2,3999,1419,599,1,1
984,2021012700010004614,0001,2021-01-27 08:17:42.964,2,2550,2500,526,0,0
985,2021012700010004609,0001,2021-01-27 08:17:43.979,2,7141,4447,530,2,2
986,2021012700010004610,0001,2021-01-27 08:17:43.979,2,1148,2093,427,0,0
987,2021012700010004612,0001,2021-01-27 08:17:43.979,2,5207,1306,560,1,1
988,2021012700010004614,0001,2021-01-27 08:17:43.979,2,3805,2493,518,1,1
989,2021012700010004609,0001,2021-01-27 08:17:44.995,2,8320,4380,521,2,2
990,2021012700010004610,0001,2021-01-27 08:17:44.995,2,2422,1976,559,0,0
991,2021012700010004612,0001,2021-01-27 08:17:44.995,2,6503,1303,588,2,2
992,2021012700010004614,0001,2021-01-27 08:17:44.995,2,5106,2574,501,1,1
993,2021012700010004618,0001,2021-01-27 08:17:44.995,2,455,4137,536,0,0
994,2021012700010004609,0001,2021-01-27 08:17:46.01,2,9611,4222,518,3,3
995,2021012700010004610,0001,2021-01-27 08:17:46.01,2,3789,1877,585,1,1
996,2021012700010004612,0001,2021-01-27 08:17:46.01,2,7836,1308,521,2,2
997,2021012700010004614,0001,2021-01-27 08:17:46.01,2,6434,2484,408,2,2
998,2021012700010004618,0001,2021-01-27 08:17:46.01,2,1792,3918,589,0,0
999,2021012700010004609,0001,2021-01-27 08:17:47.026,2,10756,4051,492,3,3
1000,2021012700010004610,0001,2021-01-27 08:17:47.026,2,5045,1805,587,1,1
1001,2021012700010004612,0001,2021-01-27 08:17:47.026,2,9203,1353,468,2,2
1002,2021012700010004614,0001,2021-01-27 08:17:47.026,2,7866,2453,589,2,2
1003,2021012700010004618,0001,2021-01-27 08:17:47.026,2,3014,3881,589,0,0
1004,2021012700010004609,0001,2021-01-27 08:17:48.041,2,11953,3848,494,4,4
1005,2021012700010004610,0001,2021-01-27 08:17:48.041,2,6417,1663,561,1,1
1006,2021012700010004612,0001,2021-01-27 08:17:48.041,2,10718,1563,692,3,3
1007,2021012700010004614,0001,2021-01-27 08:17:48.041,2,9169,2317,374,2,2
1008,2021012700010004618,0001,2021-01-27 08:17:48.041,2,4351,3870,596,1,1
1009,2021012700010004609,0001,2021-01-27 08:17:49.056,2,13061,3748,460,4,4
1010,2021012700010004610,0001,2021-01-27 08:17:49.056,2,7713,1641,569,2,2
1011,2021012700010004612,0001,2021-01-27 08:17:49.056,2,11953,1437,619,3,3
1012,2021012700010004614,0001,2021-01-27 08:17:49.056,2,9169,2317,374,3,3
1013,2021012700010004618,0001,2021-01-27 08:17:49.056,2,5637,3896,644,1,1
1014,2021012700010004610,0001,2021-01-27 08:17:50.072,2,8938,1739,579,2,2
1015,2021012700010004612,0001,2021-01-27 08:17:50.072,2,13347,1531,500,4,4
1016,2021012700010004614,0001,2021-01-27 08:17:50.072,2,9169,2317,374,3,3
1017,2021012700010004618,0001,2021-01-27 08:17:50.072,2,6863,3865,601,2,2
1018,2021012700010004625,0001,2021-01-27 08:17:50.072,2,11778,2263,525,0,0
1019,2021012700010004610,0001,2021-01-27 08:17:51.087,2,10252,1787,627,3,3
1020,2021012700010004614,0001,2021-01-27 08:17:51.087,2,9169,2317,374,4,4
1021,2021012700010004618,0001,2021-01-27 08:17:51.087,2,8189,3821,644,2,2
1022,2021012700010004620,0001,2021-01-27 08:17:51.087,2,407,4221,683,0,0
1023,2021012700010004622,0001,2021-01-27 08:17:51.087,2,145,2654,475,0,0
1024,2021012700010004625,0001,2021-01-27 08:17:51.087,2,13143,2288,511,0,0
1025,2021012700010004610,0001,2021-01-27 08:17:52.102,2,11621,1814,669,3,3
1026,2021012700010004618,0001,2021-01-27 08:17:52.102,2,9546,3690,684,3,3
1027,2021012700010004620,0001,2021-01-27 08:17:52.102,2,1455,4084,474,0,0
1028,2021012700010004622,0001,2021-01-27 08:17:52.102,2,1610,2451,511,0,0
1029,2021012700010004610,0001,2021-01-27 08:17:53.118,2,12926,1931,684,4,4
1030,2021012700010004618,0001,2021-01-27 08:17:53.118,2,10864,3532,710,3,3
1031,2021012700010004620,0001,2021-01-27 08:17:53.118,2,2527,4165,510,0,0
1032,2021012700010004622,0001,2021-01-27 08:17:53.118,2,3114,2573,580,0,0
1033,2021012700010004618,0001,2021-01-27 08:17:54.133,2,12189,3438,667,3,3
1034,2021012700010004620,0001,2021-01-27 08:17:54.133,2,3567,4214,483,1,1
1035,2021012700010004622,0001,2021-01-27 08:17:54.133,2,4516,2674,438,1,1
1036,2021012700010004618,0001,2021-01-27 08:17:55.149,2,13462,3388,671,4,4
1037,2021012700010004620,0001,2021-01-27 08:17:55.149,2,4524,4261,527,1,1
1038,2021012700010004622,0001,2021-01-27 08:17:55.149,2,5919,2858,533,1,1
1039,2021012700010004620,0001,2021-01-27 08:17:56.164,2,5706,4345,554,2,2
1040,2021012700010004622,0001,2021-01-27 08:17:56.164,2,6833,2863,413,2,2
1041,2021012700010004633,0001,2021-01-27 08:17:56.164,2,7369,2882,408,0,0
1042,2021012700010004620,0001,2021-01-27 08:17:57.165,2,6806,4445,567,2,2
1043,2021012700010004622,0001,2021-01-27 08:17:57.165,2,6833,2863,413,2,2
1044,2021012700010004633,0001,2021-01-27 08:17:57.165,2,8806,2944,442,0,0
1045,2021012700010004620,0001,2021-01-27 08:17:58.181,2,7865,4474,530,2,2
1046,2021012700010004622,0001,2021-01-27 08:17:58.181,2,6833,2863,413,2,2
1047,2021012700010004633,0001,2021-01-27 08:17:58.181,2,10312,2957,562,0,0
1048,2021012700010004620,0001,2021-01-27 08:17:59.196,2,8928,4504,580,3,3
1049,2021012700010004633,0001,2021-01-27 08:17:59.196,2,11562,2881,532,1,1
1050,2021012700010004620,0001,2021-01-27 08:18:00.211,2,9941,4375,493,3,3
1051,2021012700010004633,0001,2021-01-27 08:18:00.211,2,13132,2938,479,1,1
1052,2021012700010004620,0001,2021-01-27 08:18:01.227,2,11094,4205,546,4,4
1053,2021012700010004635,0001,2021-01-27 08:18:01.227,2,13544,709,593,0,0
1054,2021012700010004640,0001,2021-01-27 08:18:01.227,2,13493,370,433,0,0
1055,2021012700010004620,0001,2021-01-27 08:18:02.242,2,12216,4030,597,4,4
1056,2021012700010004635,0001,2021-01-27 08:18:02.242,2,12104,713,581,0,0
1057,2021012700010004620,0001,2021-01-27 08:18:03.258,2,13575,4087,537,5,5
1058,2021012700010004635,0001,2021-01-27 08:18:03.258,2,10695,560,561,0,0
1059,2021012700010004635,0001,2021-01-27 08:18:04.273,2,9296,528,570,1,1
1060,2021012700010004635,0001,2021-01-27 08:18:05.288,2,7857,568,592,1,1
1061,2021012700010004639,0001,2021-01-27 08:18:05.288,2,467,3804,545,0,0
1062,2021012700010004635,0001,2021-01-27 08:18:06.304,2,6435,547,540,2,2
1063,2021012700010004639,0001,2021-01-27 08:18:06.304,2,1847,3760,579,0,0
1064,2021012700010004635,0001,2021-01-27 08:18:07.319,2,4903,558,733,2,2
1065,2021012700010004639,0001,2021-01-27 08:18:07.319,2,3290,3770,418,0,0
1066,2021012700010004641,0001,2021-01-27 08:18:07.319,2,301,3405,489,0,0
1067,2021012700010004635,0001,2021-01-27 08:18:08.335,2,3753,578,500,3,3
1068,2021012700010004639,0001,2021-01-27 08:18:08.335,2,4821,3756,650,1,1
1069,2021012700010004641,0001,2021-01-27 08:18:08.335,2,1750,3582,498,0,0
1070,2021012700010004635,0001,2021-01-27 08:18:09.35,2,2593,707,505,3,3
1071,2021012700010004639,0001,2021-01-27 08:18:09.35,2,6248,3722,672,1,1
1072,2021012700010004641,0001,2021-01-27 08:18:09.35,2,3119,3643,515,0,0
1073,2021012700010004635,0001,2021-01-27 08:18:10.365,2,1233,873,420,3,3
1074,2021012700010004639,0001,2021-01-27 08:18:10.365,2,7601,3712,645,2,2
1075,2021012700010004641,0001,2021-01-27 08:18:10.365,2,4374,3708,493,1,1
1076,2021012700010004639,0001,2021-01-27 08:18:11.38,2,9046,3681,674,2,2
1077,2021012700010004641,0001,2021-01-27 08:18:11.38,2,6040,3758,488,1,1
1078,2021012700010004639,0001,2021-01-27 08:18:12.382,2,10357,3619,621,2,2
1079,2021012700010004641,0001,2021-01-27 08:18:12.382,2,7418,3700,519,2,2
1080,2021012700010004639,0001,2021-01-27 08:18:13.397,2,11781,3632,618,3,3
1081,2021012700010004641,0001,2021-01-27 08:18:13.397,2,8838,3708,529,2,2
1082,2021012700010004639,0001,2021-01-27 08:18:14.413,2,13240,3674,637,3,3
1083,2021012700010004641,0001,2021-01-27 08:18:14.413,2,10285,3618,535,2,2
1084,2021012700010004641,0001,2021-01-27 08:18:15.428,2,11788,3550,602,3,3
1085,2021012700010004641,0001,2021-01-27 08:18:16.444,2,13128,3335,448,3,3
1086,2021012700010004644,0001,2021-01-27 08:18:17.459,2,13331,564,417,0,0
1087,2021012700010004644,0001,2021-01-27 08:18:18.474,2,11909,494,555,0,0
1088,2021012700010004644,0001,2021-01-27 08:18:19.49,2,10467,502,457,1,1
1089,2021012700010004644,0001,2021-01-27 08:18:20.505,2,9174,522,499,1,1
1090,2021012700010004644,0001,2021-01-27 08:18:21.52,2,7850,514,481,1,1
1091,2021012700010004644,0001,2021-01-27 08:18:22.536,2,6446,577,480,2,2
1092,2021012700010004644,0001,2021-01-27 08:18:23.551,2,5218,664,505,2,2
1093,2021012700010004644,0001,2021-01-27 08:18:24.567,2,3701,663,515,3,3
1094,2021012700010004644,0001,2021-01-27 08:18:25.582,2,2470,653,518,3,3
1095,2021012700010004644,0001,2021-01-27 08:18:26.597,2,1116,681,517,3,3
1096,2021012700010004663,0001,2021-01-27 08:18:30.645,2,538,4257,425,0,0
1097,2021012700010004663,0001,2021-01-27 08:18:31.66,2,2043,4310,656,0,0
1098,2021012700010004663,0001,2021-01-27 08:18:32.676,2,3503,4323,714,0,0
1099,2021012700010004663,0001,2021-01-27 08:18:33.691,2,4930,4219,674,1,1
1100,2021012700010004663,0001,2021-01-27 08:18:34.706,2,6433,4182,624,1,1
1101,2021012700010004663,0001,2021-01-27 08:18:35.722,2,8113,4227,610,2,2
1102,2021012700010004663,0001,2021-01-27 08:18:36.737,2,9570,4165,617,2,2
1103,2021012700010004663,0001,2021-01-27 08:18:37.753,2,11048,3994,567,3,3
1104,2021012700010004663,0001,2021-01-27 08:18:38.768,2,12593,4033,612,3,3
1105,2021012700010004663,0001,2021-01-27 08:18:39.783,2,14082,3894,378,3,3
1106,2021012700010004664,0001,2021-01-27 08:18:43.839,2,1104,2739,444,0,0
1107,2021012700010004664,0001,2021-01-27 08:18:44.854,2,2665,2650,666,0,0
1108,2021012700010004665,0001,2021-01-27 08:18:44.854,2,1077,2067,428,0,0
1109,2021012700010004664,0001,2021-01-27 08:18:45.87,2,4075,2540,597,1,1
1110,2021012700010004665,0001,2021-01-27 08:18:45.87,2,2552,2159,643,0,0
1111,2021012700010004664,0001,2021-01-27 08:18:46.885,2,5571,2364,423,1,1
1112,2021012700010004665,0001,2021-01-27 08:18:46.885,2,3929,2163,629,1,1
1113,2021012700010004664,0001,2021-01-27 08:18:47.9,2,6330,2303,353,1,1
1114,2021012700010004665,0001,2021-01-27 08:18:47.9,2,5270,2160,619,1,1
1115,2021012700010004667,0001,2021-01-27 08:18:47.9,2,6991,2254,353,0,0
1116,2021012700010004664,0001,2021-01-27 08:18:48.916,2,6330,2303,353,2,2
1117,2021012700010004665,0001,2021-01-27 08:18:48.916,2,6767,2136,631,1,1
1118,2021012700010004667,0001,2021-01-27 08:18:48.916,2,8655,2353,648,0,0
1119,2021012700010004664,0001,2021-01-27 08:18:49.931,2,6330,2303,353,2,2
1120,2021012700010004665,0001,2021-01-27 08:18:49.931,2,8207,2104,633,2,2
1121,2021012700010004667,0001,2021-01-27 08:18:49.931,2,10216,2358,612,0,0
1122,2021012700010004665,0001,2021-01-27 08:18:50.946,2,9725,2090,486,2,2
1123,2021012700010004667,0001,2021-01-27 08:18:50.946,2,11817,2402,620,1,1
1124,2021012700010004665,0001,2021-01-27 08:18:51.962,2,11288,2108,597,3,3
1125,2021012700010004667,0001,2021-01-27 08:18:51.962,2,13261,2349,489,1,1
1126,2021012700010004665,0001,2021-01-27 08:18:52.977,2,12582,2158,514,3,3
1127,2021012700010004665,0001,2021-01-27 08:18:53.993,2,13960,2230,517,3,3
1128,2021012700010004668,0001,2021-01-27 08:18:57.025,2,1526,2281,582,0,0
1129,2021012700010004668,0001,2021-01-27 08:18:58.04,2,2942,2257,552,0,0
1130,2021012700010004668,0001,2021-01-27 08:18:59.055,2,4694,2326,573,1,1
1131,2021012700010004668,0001,2021-01-27 08:19:00.071,2,6176,2353,558,1,1
1132,2021012700010004678,0001,2021-01-27 08:19:00.071,2,1469,4171,644,0,0
1133,2021012700010004668,0001,2021-01-27 08:19:01.086,2,7791,2550,537,1,1
1134,2021012700010004678,0001,2021-01-27 08:19:01.086,2,3073,4043,622,0,0
1135,2021012700010004668,0001,2021-01-27 08:19:02.102,2,9350,2656,570,2,2
1136,2021012700010004678,0001,2021-01-27 08:19:02.102,2,4443,3998,628,1,1
1137,2021012700010004684,0001,2021-01-27 08:19:02.102,2,4799,3973,625,0,0
1138,2021012700010004668,0001,2021-01-27 08:19:03.117,2,10871,2684,539,2,2
1139,2021012700010004678,0001,2021-01-27 08:19:03.117,2,5187,4045,678,1,1
1140,2021012700010004684,0001,2021-01-27 08:19:03.117,2,6050,3871,597,0,0
1141,2021012700010004685,0001,2021-01-27 08:19:03.117,2,6469,3807,667,0,0
1142,2021012700010004668,0001,2021-01-27 08:19:04.132,2,12599,2605,585,3,3
1143,2021012700010004678,0001,2021-01-27 08:19:04.132,2,5187,4045,678,1,1
1144,2021012700010004681,0001,2021-01-27 08:19:04.132,2,13388,669,670,0,0
1145,2021012700010004685,0001,2021-01-27 08:19:04.132,2,7621,3715,598,0,0
1146,2021012700010004687,0001,2021-01-27 08:19:04.132,2,8231,3663,632,0,0
1147,2021012700010004668,0001,2021-01-27 08:19:05.148,2,14124,2534,606,3,3
1148,2021012700010004678,0001,2021-01-27 08:19:05.148,2,5187,4045,678,2,2
1149,2021012700010004681,0001,2021-01-27 08:19:05.148,2,11922,622,654,0,0
1150,2021012700010004687,0001,2021-01-27 08:19:05.148,2,9215,3628,613,0,0
1151,2021012700010004688,0001,2021-01-27 08:19:05.148,2,9934,3563,679,0,0
1152,2021012700010004681,0001,2021-01-27 08:19:06.163,2,10436,567,620,1,1
1153,2021012700010004688,0001,2021-01-27 08:19:06.163,2,10520,3569,596,0,0
1154,2021012700010004690,0001,2021-01-27 08:19:06.163,2,11615,3493,663,0,0
1155,2021012700010004681,0001,2021-01-27 08:19:07.179,2,8981,527,604,1,1
1156,2021012700010004690,0001,2021-01-27 08:19:07.179,2,13291,3435,616,0,0
1157,2021012700010004693,0001,2021-01-27 08:19:07.179,2,13543,3617,529,0,0
1158,2021012700010004681,0001,2021-01-27 08:19:08.194,2,7408,550,583,1,1
1159,2021012700010004681,0001,2021-01-27 08:19:09.209,2,5860,540,573,2,2
1160,2021012700010004689,0001,2021-01-27 08:19:09.209,2,1370,2624,519,0,0
1161,2021012700010004681,0001,2021-01-27 08:19:10.225,2,4328,556,566,2,2
1162,2021012700010004689,0001,2021-01-27 08:19:10.225,2,3030,2491,574,0,0
1163,2021012700010004692,0001,2021-01-27 08:19:10.225,2,259,3559,458,0,0
1164,2021012700010004681,0001,2021-01-27 08:19:11.24,2,2834,647,593,3,3
1165,2021012700010004689,0001,2021-01-27 08:19:11.24,2,4642,2432,583,1,1
1166,2021012700010004692,0001,2021-01-27 08:19:11.24,2,1828,3656,499,0,0
1167,2021012700010004681,0001,2021-01-27 08:19:12.242,2,1369,692,555,3,3
1168,2021012700010004689,0001,2021-01-27 08:19:12.242,2,6326,2307,603,1,1
1169,2021012700010004692,0001,2021-01-27 08:19:12.242,2,3490,3697,516,0,0
1170,2021012700010004681,0001,2021-01-27 08:19:13.257,2,85,554,456,3,3
1171,2021012700010004689,0001,2021-01-27 08:19:13.257,2,7847,2290,594,1,1
1172,2021012700010004692,0001,2021-01-27 08:19:13.257,2,5073,3736,521,1,1
1173,2021012700010004689,0001,2021-01-27 08:19:14.272,2,9301,2168,541,2,2
1174,2021012700010004692,0001,2021-01-27 08:19:14.272,2,6645,3720,534,1,1
1175,2021012700010004689,0001,2021-01-27 08:19:15.288,2,11008,2090,489,2,2
1176,2021012700010004692,0001,2021-01-27 08:19:15.288,2,8288,3668,514,2,2
1177,2021012700010004689,0001,2021-01-27 08:19:16.303,2,12749,2014,467,3,3
1178,2021012700010004692,0001,2021-01-27 08:19:16.303,2,9725,3635,544,2,2
1179,2021012700010004692,0001,2021-01-27 08:19:17.319,2,11242,3599,524,2,2
1180,2021012700010004692,0001,2021-01-27 08:19:18.334,2,12947,3522,532,3,3
1181,2021012700010004703,0001,2021-01-27 08:19:25.442,2,1471,3379,585,0,0
1182,2021012700010004703,0001,2021-01-27 08:19:26.457,2,3258,3222,560,0,0
1183,2021012700010004703,0001,2021-01-27 08:19:27.458,2,5090,3128,522,1,1
1184,2021012700010004703,0001,2021-01-27 08:19:28.474,2,6971,3103,400,1,1
1185,2021012700010004705,0001,2021-01-27 08:19:28.474,2,1472,2489,443,0,0
1186,2021012700010004703,0001,2021-01-27 08:19:29.489,2,8906,3079,425,1,1
1187,2021012700010004705,0001,2021-01-27 08:19:29.489,2,2773,2254,512,0,0
1188,2021012700010004703,0001,2021-01-27 08:19:30.504,2,10742,2939,500,2,2
1189,2021012700010004705,0001,2021-01-27 08:19:30.504,2,4250,2231,574,1,1
1190,2021012700010004703,0001,2021-01-27 08:19:31.52,2,12666,2766,620,2,2
1191,2021012700010004705,0001,2021-01-27 08:19:31.52,2,5587,2205,611,1,1
1192,2021012700010004705,0001,2021-01-27 08:19:32.535,2,7098,2073,631,2,2
1193,2021012700010004708,0001,2021-01-27 08:19:32.535,2,280,4204,517,0,0
1194,2021012700010004705,0001,2021-01-27 08:19:33.55,2,8482,2039,637,2,2
1195,2021012700010004708,0001,2021-01-27 08:19:33.55,2,1465,3985,475,0,0
1196,2021012700010004705,0001,2021-01-27 08:19:34.566,2,9945,2047,672,2,2
1197,2021012700010004708,0001,2021-01-27 08:19:34.566,2,2707,3868,456,0,0
1198,2021012700010004705,0001,2021-01-27 08:19:35.581,2,11450,2097,668,3,3
1199,2021012700010004708,0001,2021-01-27 08:19:35.581,2,4001,3780,456,1,1
1200,2021012700010004705,0001,2021-01-27 08:19:36.597,2,12915,2249,636,3,3
1201,2021012700010004708,0001,2021-01-27 08:19:36.597,2,5232,3682,477,1,1
1202,2021012700010004714,0001,2021-01-27 08:19:36.597,2,284,4067,534,0,0
1203,2021012700010004708,0001,2021-01-27 08:19:37.612,2,6466,3586,464,2,2
1204,2021012700010004714,0001,2021-01-27 08:19:37.612,2,1633,3868,496,0,0
1205,2021012700010004708,0001,2021-01-27 08:19:38.627,2,7666,3455,467,2,2
1206,2021012700010004714,0001,2021-01-27 08:19:38.627,2,2930,3641,533,0,0
1207,2021012700010004708,0001,2021-01-27 08:19:39.643,2,9035,3447,484,2,2
1208,2021012700010004714,0001,2021-01-27 08:19:39.643,2,4444,3634,564,1,1
1209,2021012700010004708,0001,2021-01-27 08:19:40.658,2,10256,3508,553,3,3
1210,2021012700010004714,0001,2021-01-27 08:19:40.658,2,5797,3623,541,1,1
1211,2021012700010004724,0001,2021-01-27 08:19:40.658,2,6095,3680,571,0,0
1212,2021012700010004708,0001,2021-01-27 08:19:41.674,2,11683,3580,471,3,3
1213,2021012700010004714,0001,2021-01-27 08:19:41.674,2,7331,3595,535,2,2
1214,2021012700010004708,0001,2021-01-27 08:19:42.675,2,12924,3553,455,4,4
1215,2021012700010004714,0001,2021-01-27 08:19:42.675,2,8672,3592,492,2,2
1216,2021012700010004721,0001,2021-01-27 08:19:42.675,2,574,3399,441,0,0
1217,2021012700010004727,0001,2021-01-27 08:19:42.675,2,8968,3658,654,0,0
1218,2021012700010004708,0001,2021-01-27 08:19:43.69,2,14128,3529,422,4,4
1219,2021012700010004714,0001,2021-01-27 08:19:43.69,2,9770,3626,522,2,2
1220,2021012700010004721,0001,2021-01-27 08:19:43.69,2,1982,3373,517,0,0
1221,2021012700010004722,0001,2021-01-27 08:19:43.69,2,388,2555,442,0,0
1222,2021012700010004728,0001,2021-01-27 08:19:43.69,2,10232,3698,525,0,0
1223,2021012700010004714,0001,2021-01-27 08:19:44.706,2,9770,3626,522,3,3
1224,2021012700010004721,0001,2021-01-27 08:19:44.706,2,3194,3132,496,0,0
1225,2021012700010004722,0001,2021-01-27 08:19:44.706,2,1879,2545,567,0,0
1226,2021012700010004728,0001,2021-01-27 08:19:44.706,2,11737,3643,552,0,0
1227,2021012700010004714,0001,2021-01-27 08:19:45.721,2,9770,3626,522,3,3
1228,2021012700010004721,0001,2021-01-27 08:19:45.721,2,4562,3134,657,1,1
1229,2021012700010004722,0001,2021-01-27 08:19:45.721,2,3196,2328,541,0,0
1230,2021012700010004728,0001,2021-01-27 08:19:45.721,2,13149,3482,531,0,0
1231,2021012700010004721,0001,2021-01-27 08:19:46.737,2,5971,3125,604,1,1
1232,2021012700010004722,0001,2021-01-27 08:19:46.737,2,4551,2212,573,1,1
1233,2021012700010004721,0001,2021-01-27 08:19:47.752,2,7089,3157,361,2,2
1234,2021012700010004722,0001,2021-01-27 08:19:47.752,2,5955,2169,613,1,1
1235,2021012700010004721,0001,2021-01-27 08:19:48.767,2,8447,3054,435,2,2
1236,2021012700010004722,0001,2021-01-27 08:19:48.767,2,7410,2126,675,2,2
1237,2021012700010004730,0001,2021-01-27 08:19:48.767,2,13470,1385,651,0,0
1238,2021012700010004721,0001,2021-01-27 08:19:49.783,2,9688,2939,577,3,3
1239,2021012700010004722,0001,2021-01-27 08:19:49.783,2,8782,2047,669,2,2
1240,2021012700010004729,0001,2021-01-27 08:19:49.783,2,13270,665,646,0,0
1241,2021012700010004730,0001,2021-01-27 08:19:49.783,2,11887,1222,678,0,0
1242,2021012700010004721,0001,2021-01-27 08:19:50.798,2,10991,2944,501,3,3
1243,2021012700010004722,0001,2021-01-27 08:19:50.798,2,10230,1988,637,2,2
1244,2021012700010004729,0001,2021-01-27 08:19:50.798,2,12054,630,536,0,0
1245,2021012700010004730,0001,2021-01-27 08:19:50.798,2,10296,1174,636,0,0
1246,2021012700010004721,0001,2021-01-27 08:19:51.813,2,12455,2833,520,3,3
1247,2021012700010004722,0001,2021-01-27 08:19:51.813,2,11666,1745,387,3,3
1248,2021012700010004729,0001,2021-01-27 08:19:51.813,2,10726,748,567,1,1
1249,2021012700010004730,0001,2021-01-27 08:19:51.813,2,8631,1252,689,1,1
1250,2021012700010004721,0001,2021-01-27 08:19:52.829,2,13871,2911,455,4,4
1251,2021012700010004722,0001,2021-01-27 08:19:52.829,2,11666,1745,387,3,3
1252,2021012700010004729,0001,2021-01-27 08:19:52.829,2,9442,1158,416,1,1
1253,2021012700010004730,0001,2021-01-27 08:19:52.829,2,6993,1359,684,1,1
1254,2021012700010004722,0001,2021-01-27 08:19:53.844,2,11666,1745,387,4,4
1255,2021012700010004729,0001,2021-01-27 08:19:53.844,2,8236,1433,548,1,1
1256,2021012700010004730,0001,2021-01-27 08:19:53.844,2,5488,1485,672,2,2
1257,2021012700010004729,0001,2021-01-27 08:19:54.86,2,6963,1557,599,2,2
1258,2021012700010004730,0001,2021-01-27 08:19:54.86,2,3955,1500,667,2,2
1259,2021012700010004729,0001,2021-01-27 08:19:55.875,2,5597,1591,584,2,2
1260,2021012700010004730,0001,2021-01-27 08:19:55.875,2,2426,1486,660,3,3
1261,2021012700010004729,0001,2021-01-27 08:19:56.876,2,4177,1540,584,3,3
1262,2021012700010004730,0001,2021-01-27 08:19:56.876,2,911,1441,557,3,3
1263,2021012700010004729,0001,2021-01-27 08:19:57.892,2,2892,1435,580,3,3
1264,2021012700010004729,0001,2021-01-27 08:19:58.907,2,1627,1384,588,3,3
1265,2021012700010004729,0001,2021-01-27 08:19:59.922,2,240,1404,485,4,4
1266,2021012700010004737,0001,2021-01-27 08:20:04.999,2,214,1730,503,0,0
1267,2021012700010004737,0001,2021-01-27 08:20:06.015,2,1678,2277,668,0,0
1268,2021012700010004737,0001,2021-01-27 08:20:07.03,2,2911,2644,411,0,0
1269,2021012700010004737,0001,2021-01-27 08:20:08.045,2,4202,2985,435,1,1
1270,2021012700010004737,0001,2021-01-27 08:20:09.061,2,5621,3280,465,1,1
1271,2021012700010004737,0001,2021-01-27 08:20:10.076,2,6847,3396,437,2,2
1272,2021012700010004737,0001,2021-01-27 08:20:11.091,2,8181,3451,426,2,2
1273,2021012700010004737,0001,2021-01-27 08:20:12.093,2,9346,3541,440,2,2
1274,2021012700010004744,0001,2021-01-27 08:20:12.093,2,9612,3593,621,0,0
1275,2021012700010004737,0001,2021-01-27 08:20:13.109,2,10954,3670,354,3,3
1276,2021012700010004737,0001,2021-01-27 08:20:14.124,2,12091,3554,489,3,3
1277,2021012700010004737,0001,2021-01-27 08:20:15.139,2,13236,3329,528,4,4
1278,2021012700010004762,0001,2021-01-27 08:21:00.798,2,1012,3361,371,0,0
1279,2021012700010004762,0001,2021-01-27 08:21:01.814,2,2445,3223,435,0,0
1280,2021012700010004762,0001,2021-01-27 08:21:02.829,2,3976,3095,440,1,1
1281,2021012700010004762,0001,2021-01-27 08:21:03.845,2,5407,3030,448,1,1
1282,2021012700010004766,0001,2021-01-27 08:21:03.845,2,613,4010,441,0,0
1283,2021012700010004762,0001,2021-01-27 08:21:04.86,2,7045,3068,604,1,1
1284,2021012700010004766,0001,2021-01-27 08:21:04.86,2,2126,3775,362,0,0
1285,2021012700010004762,0001,2021-01-27 08:21:05.875,2,8496,2927,497,2,2
1286,2021012700010004766,0001,2021-01-27 08:21:05.875,2,3647,3520,644,0,0
1287,2021012700010004762,0001,2021-01-27 08:21:06.891,2,9953,2855,475,2,2
1288,2021012700010004766,0001,2021-01-27 08:21:06.891,2,5167,3412,646,1,1
1289,2021012700010004762,0001,2021-01-27 08:21:07.906,2,11382,2865,581,3,3
1290,2021012700010004766,0001,2021-01-27 08:21:07.906,2,6665,3402,657,1,1
1291,2021012700010004762,0001,2021-01-27 08:21:08.922,2,13061,2919,496,3,3
1292,2021012700010004766,0001,2021-01-27 08:21:08.922,2,8357,3336,716,2,2
1293,2021012700010004766,0001,2021-01-27 08:21:09.937,2,9868,3186,706,2,2
1294,2021012700010004766,0001,2021-01-27 08:21:10.952,2,11433,2958,730,2,2
1295,2021012700010004766,0001,2021-01-27 08:21:11.953,2,13004,2664,722,3,3
1296,2021012700010004773,0001,2021-01-27 08:21:25.138,2,1072,3671,439,0,0
1297,2021012700010004773,0001,2021-01-27 08:21:26.153,2,2486,3274,510,0,0
1298,2021012700010004773,0001,2021-01-27 08:21:27.155,2,3904,2854,516,1,1
1299,2021012700010004773,0001,2021-01-27 08:21:28.17,2,5429,2575,479,1,1
1300,2021012700010004773,0001,2021-01-27 08:21:29.185,2,6891,2413,405,1,1
1301,2021012700010004773,0001,2021-01-27 08:21:30.201,2,8368,2324,395,2,2
1302,2021012700010004773,0001,2021-01-27 08:21:31.216,2,9843,2307,459,2,2
1303,2021012700010004773,0001,2021-01-27 08:21:32.231,2,11339,2311,417,3,3
1304,2021012700010004773,0001,2021-01-27 08:21:33.247,2,12918,2319,540,3,3
1305,2021012700010004781,0001,2021-01-27 08:21:35.278,2,920,3210,506,0,0
1306,2021012700010004781,0001,2021-01-27 08:21:36.293,2,2216,3008,512,0,0
1307,2021012700010004781,0001,2021-01-27 08:21:37.308,2,3740,2945,683,1,1
1308,2021012700010004781,0001,2021-01-27 08:21:38.324,2,5066,2902,691,1,1
1309,2021012700010004781,0001,2021-01-27 08:21:39.339,2,6479,2819,687,1,1
1310,2021012700010004783,0001,2021-01-27 08:21:39.339,2,609,3218,431,0,0
1311,2021012700010004781,0001,2021-01-27 08:21:40.354,2,7958,2897,668,2,2
1312,2021012700010004783,0001,2021-01-27 08:21:40.354,2,2047,3317,593,0,0
1313,2021012700010004785,0001,2021-01-27 08:21:40.354,2,1516,1974,519,0,0
1314,2021012700010004781,0001,2021-01-27 08:21:41.37,2,9316,3140,644,2,2
1315,2021012700010004783,0001,2021-01-27 08:21:41.37,2,3147,3158,382,1,1
1316,2021012700010004785,0001,2021-01-27 08:21:41.37,2,3165,1960,522,0,0
1317,2021012700010004781,0001,2021-01-27 08:21:42.371,2,10640,3279,636,3,3
1318,2021012700010004783,0001,2021-01-27 08:21:42.371,2,4415,3366,641,1,1
1319,2021012700010004785,0001,2021-01-27 08:21:42.371,2,4695,1981,512,1,1
1320,2021012700010004781,0001,2021-01-27 08:21:43.387,2,12066,3335,689,3,3
1321,2021012700010004783,0001,2021-01-27 08:21:43.387,2,5602,3321,623,1,1
1322,2021012700010004785,0001,2021-01-27 08:21:43.387,2,6291,2056,616,1,1
1323,2021012700010004781,0001,2021-01-27 08:21:44.402,2,13448,3329,479,3,3
1324,2021012700010004783,0001,2021-01-27 08:21:44.402,2,6704,3309,601,2,2
1325,2021012700010004785,0001,2021-01-27 08:21:44.402,2,7742,2164,387,1,1
1326,2021012700010004783,0001,2021-01-27 08:21:45.417,2,8057,3318,574,2,2
1327,2021012700010004785,0001,2021-01-27 08:21:45.417,2,9518,2384,534,2,2
1328,2021012700010004789,0001,2021-01-27 08:21:45.417,2,1303,3534,429,0,0
1329,2021012700010004783,0001,2021-01-27 08:21:46.433,2,9234,3293,559,3,3
1330,2021012700010004785,0001,2021-01-27 08:21:46.433,2,11094,2450,518,2,2
1331,2021012700010004787,0001,2021-01-27 08:21:46.433,2,14023,670,768,0,0
1332,2021012700010004789,0001,2021-01-27 08:21:46.433,2,2539,3174,414,0,0
1333,2021012700010004783,0001,2021-01-27 08:21:47.448,2,10387,3251,620,3,3
1334,2021012700010004785,0001,2021-01-27 08:21:47.448,2,12700,2419,498,3,3
1335,2021012700010004787,0001,2021-01-27 08:21:47.448,2,12678,774,666,0,0
1336,2021012700010004789,0001,2021-01-27 08:21:47.448,2,3772,2965,576,1,1
1337,2021012700010004794,0001,2021-01-27 08:21:47.448,2,1144,3761,508,0,0
1338,2021012700010004783,0001,2021-01-27 08:21:48.464,2,11588,3160,541,3,3
1339,2021012700010004785,0001,2021-01-27 08:21:48.464,2,14285,2510,493,3,3
1340,2021012700010004787,0001,2021-01-27 08:21:48.464,2,11201,705,766,0,0
1341,2021012700010004789,0001,2021-01-27 08:21:48.464,2,5092,2841,603,1,1
1342,2021012700010004794,0001,2021-01-27 08:21:48.464,2,2537,3622,677,0,0
1343,2021012700010004783,0001,2021-01-27 08:21:49.479,2,12893,3104,550,4,4
1344,2021012700010004787,0001,2021-01-27 08:21:49.479,2,9727,635,692,1,1
1345,2021012700010004789,0001,2021-01-27 08:21:49.479,2,6482,2721,519,2,2
1346,2021012700010004794,0001,2021-01-27 08:21:49.479,2,4008,3548,656,1,1
1347,2021012700010004783,0001,2021-01-27 08:21:50.494,2,13997,3026,443,4,4
1348,2021012700010004787,0001,2021-01-27 08:21:50.494,2,8234,664,689,1,1
1349,2021012700010004789,0001,2021-01-27 08:21:50.494,2,7897,2492,539,2,2
1350,2021012700010004794,0001,2021-01-27 08:21:50.494,2,5454,3523,652,1,1
1351,2021012700010004787,0001,2021-01-27 08:21:51.51,2,6822,777,660,2,2
1352,2021012700010004789,0001,2021-01-27 08:21:51.51,2,9273,2357,529,2,2
1353,2021012700010004794,0001,2021-01-27 08:21:51.51,2,6832,3481,670,1,1
1354,2021012700010004787,0001,2021-01-27 08:21:52.525,2,5428,705,608,2,2
1355,2021012700010004789,0001,2021-01-27 08:21:52.525,2,10654,2162,501,3,3
1356,2021012700010004794,0001,2021-01-27 08:21:52.525,2,8203,3460,661,2,2
1357,2021012700010004796,0001,2021-01-27 08:21:52.525,2,1348,3647,470,0,0
1358,2021012700010004787,0001,2021-01-27 08:21:53.54,2,3950,555,628,2,2
1359,2021012700010004789,0001,2021-01-27 08:21:53.54,2,12120,1927,354,3,3
1360,2021012700010004794,0001,2021-01-27 08:21:53.54,2,9645,3394,682,2,2
1361,2021012700010004796,0001,2021-01-27 08:21:53.54,2,2990,3534,528,0,0
1362,2021012700010004787,0001,2021-01-27 08:21:54.556,2,2523,611,559,3,3
1363,2021012700010004789,0001,2021-01-27 08:21:54.556,2,13474,1845,375,4,4
1364,2021012700010004794,0001,2021-01-27 08:21:54.556,2,11150,3173,634,3,3
1365,2021012700010004796,0001,2021-01-27 08:21:54.556,2,4437,3440,518,1,1
1366,2021012700010004797,0001,2021-01-27 08:21:54.556,2,1447,3877,440,0,0
1367,2021012700010004787,0001,2021-01-27 08:21:55.571,2,1111,864,686,3,3
1368,2021012700010004794,0001,2021-01-27 08:21:55.571,2,12445,3043,578,3,3
1369,2021012700010004796,0001,2021-01-27 08:21:55.571,2,6126,3339,517,1,1
1370,2021012700010004797,0001,2021-01-27 08:21:55.571,2,2916,3584,424,0,0
1371,2021012700010004799,0001,2021-01-27 08:21:55.571,2,1293,2442,534,0,0
1372,2021012700010004794,0001,2021-01-27 08:21:56.587,2,13879,2886,619,4,4
1373,2021012700010004796,0001,2021-01-27 08:21:56.587,2,7688,3204,474,1,1
1374,2021012700010004797,0001,2021-01-27 08:21:56.587,2,4014,3319,362,1,1
1375,2021012700010004799,0001,2021-01-27 08:21:56.587,2,2698,2189,439,0,0
1376,2021012700010004796,0001,2021-01-27 08:21:57.588,2,9118,3072,546,2,2
1377,2021012700010004797,0001,2021-01-27 08:21:57.588,2,4014,3319,362,1,1
1378,2021012700010004799,0001,2021-01-27 08:21:57.588,2,3964,2058,423,1,1
1379,2021012700010004803,0001,2021-01-27 08:21:57.588,2,6162,3145,400,0,0
1380,2021012700010004804,0001,2021-01-27 08:21:57.588,2,4279,2154,451,0,0
1381,2021012700010004796,0001,2021-01-27 08:21:58.603,2,10747,2954,535,2,2
1382,2021012700010004797,0001,2021-01-27 08:21:58.603,2,4014,3319,362,2,2
1383,2021012700010004799,0001,2021-01-27 08:21:58.603,2,5158,1938,363,1,1
1384,2021012700010004805,0001,2021-01-27 08:21:58.603,2,7636,2882,438,0,0
1385,2021012700010004796,0001,2021-01-27 08:21:59.619,2,12231,2880,548,3,3
1386,2021012700010004799,0001,2021-01-27 08:21:59.619,2,5638,1869,391,1,1
1387,2021012700010004805,0001,2021-01-27 08:21:59.619,2,9121,2683,415,0,0
1388,2021012700010004796,0001,2021-01-27 08:22:00.634,2,13845,2810,445,3,3
1389,2021012700010004799,0001,2021-01-27 08:22:00.634,2,5638,1869,391,2,2
1390,2021012700010004805,0001,2021-01-27 08:22:00.634,2,10676,2489,401,1,1
1391,2021012700010004809,0001,2021-01-27 08:22:00.634,2,8302,1955,403,0,0
1392,2021012700010004799,0001,2021-01-27 08:22:01.65,2,5638,1869,391,2,2
1393,2021012700010004805,0001,2021-01-27 08:22:01.65,2,12116,2491,540,1,1
1394,2021012700010004809,0001,2021-01-27 08:22:01.65,2,9759,1877,751,0,0
1395,2021012700010004805,0001,2021-01-27 08:22:02.665,2,13467,2517,544,1,1
1396,2021012700010004809,0001,2021-01-27 08:22:02.665,2,10976,1895,679,0,0
1397,2021012700010004809,0001,2021-01-27 08:22:03.68,2,12538,1933,551,1,1
1398,2021012700010004800,0001,2021-01-27 08:22:04.696,2,13812,4096,499,0,0
1399,2021012700010004809,0001,2021-01-27 08:22:04.696,2,14028,2091,540,1,1
1400,2021012700010004800,0001,2021-01-27 08:22:05.711,2,12510,4308,583,0,0
1401,2021012700010004800,0001,2021-01-27 08:22:06.727,2,11139,4530,584,0,0
1402,2021012700010004800,0001,2021-01-27 08:22:07.742,2,9937,4502,618,1,1
1403,2021012700010004800,0001,2021-01-27 08:22:08.757,2,8527,4369,632,1,1
1404,2021012700010004800,0001,2021-01-27 08:22:09.773,2,7315,4120,633,2,2
1405,2021012700010004800,0001,2021-01-27 08:22:10.788,2,5907,3784,595,2,2
1406,2021012700010004800,0001,2021-01-27 08:22:11.789,2,4606,3585,545,2,2
1407,2021012700010004800,0001,2021-01-27 08:22:12.805,2,3303,3537,581,3,3
1408,2021012700010004800,0001,2021-01-27 08:22:13.82,2,1862,3578,563,3,3
1409,2021012700010004800,0001,2021-01-27 08:22:14.835,2,551,3468,432,4,4
1410,2021012700010004824,0001,2021-01-27 08:22:15.851,2,732,4171,421,0,0
1411,2021012700010004824,0001,2021-01-27 08:22:16.866,2,2191,4032,484,0,0
1412,2021012700010004824,0001,2021-01-27 08:22:17.881,2,3842,3840,478,0,0
1413,2021012700010004824,0001,2021-01-27 08:22:18.897,2,5301,3770,639,1,1
1414,2021012700010004824,0001,2021-01-27 08:22:19.912,2,6909,3680,673,1,1
1415,2021012700010004824,0001,2021-01-27 08:22:20.928,2,8379,3647,668,2,2
1416,2021012700010004824,0001,2021-01-27 08:22:21.943,2,9814,3524,642,2,2
1417,2021012700010004824,0001,2021-01-27 08:22:22.959,2,11334,3358,626,3,3
1418,2021012700010004830,0001,2021-01-27 08:22:22.959,2,481,3908,361,0,0
1419,2021012700010004824,0001,2021-01-27 08:22:23.974,2,12922,3281,698,3,3
1420,2021012700010004830,0001,2021-01-27 08:22:23.974,2,1917,3645,359,0,0
1421,2021012700010004830,0001,2021-01-27 08:22:24.989,2,3287,3369,513,0,0
1422,2021012700010004830,0001,2021-01-27 08:22:26.005,2,4803,3140,502,1,1
1423,2021012700010004830,0001,2021-01-27 08:22:27.006,2,6249,2901,504,1,1
1424,2021012700010004830,0001,2021-01-27 08:22:28.021,2,7609,2660,526,2,2
1425,2021012700010004830,0001,2021-01-27 08:22:29.037,2,9056,2428,528,2,2
1426,2021012700010004830,0001,2021-01-27 08:22:30.052,2,10595,2277,530,2,2
1427,2021012700010004830,0001,2021-01-27 08:22:31.068,2,11975,2166,545,3,3
1428,2021012700010004830,0001,2021-01-27 08:22:32.083,2,13652,2151,361,3,3
1429,2021012700010004848,0001,2021-01-27 08:22:46.284,2,297,2956,629,0,0
1430,2021012700010004848,0001,2021-01-27 08:22:47.3,2,1750,2573,452,0,0
1431,2021012700010004848,0001,2021-01-27 08:22:48.315,2,3380,2421,557,0,0
1432,2021012700010004848,0001,2021-01-27 08:22:49.33,2,5026,2351,600,1,1
1433,2021012700010004848,0001,2021-01-27 08:22:50.346,2,6835,2260,647,1,1
1434,2021012700010004848,0001,2021-01-27 08:22:51.361,2,8422,2064,642,2,2
1435,2021012700010004848,0001,2021-01-27 08:22:52.377,2,10060,1911,639,2,2
1436,2021012700010004848,0001,2021-01-27 08:22:53.392,2,11855,1797,681,2,2
1437,2021012700010004848,0001,2021-01-27 08:22:54.407,2,12608,1803,674,3,3
1438,2021012700010004855,0001,2021-01-27 08:22:54.407,2,13657,1677,735,0,0
1439,2021012700010004848,0001,2021-01-27 08:22:55.423,2,12608,1803,674,3,3
1440,2021012700010004848,0001,2021-01-27 08:22:56.438,2,12608,1803,674,4,4
1441,2021012700010004852,0001,2021-01-27 08:22:57.439,2,1467,4008,432,0,0
1442,2021012700010004851,0001,2021-01-27 08:22:58.455,2,712,4059,617,0,0
1443,2021012700010004852,0001,2021-01-27 08:22:58.455,2,3037,4261,641,0,0
1444,2021012700010004851,0001,2021-01-27 08:22:59.47,2,1996,3824,598,0,0
1445,2021012700010004852,0001,2021-01-27 08:22:59.47,2,4464,4224,641,1,1
1446,2021012700010004851,0001,2021-01-27 08:23:00.485,2,3297,3476,586,1,1
1447,2021012700010004852,0001,2021-01-27 08:23:00.485,2,5784,4113,691,1,1
1448,2021012700010004851,0001,2021-01-27 08:23:01.501,2,4684,3113,615,1,1
1449,2021012700010004852,0001,2021-01-27 08:23:01.501,2,7291,3985,627,2,2
1450,2021012700010004851,0001,2021-01-27 08:23:02.516,2,6056,2884,610,1,1
1451,2021012700010004852,0001,2021-01-27 08:23:02.516,2,8776,3832,532,2,2
1452,2021012700010004851,0001,2021-01-27 08:23:03.532,2,7377,2774,593,2,2
1453,2021012700010004852,0001,2021-01-27 08:23:03.532,2,10260,3719,536,2,2
1454,2021012700010004851,0001,2021-01-27 08:23:04.547,2,8772,2742,540,2,2
1455,2021012700010004852,0001,2021-01-27 08:23:04.547,2,11703,3686,599,3,3
1456,2021012700010004865,0001,2021-01-27 08:23:04.547,2,284,1331,412,0,0
1457,2021012700010004851,0001,2021-01-27 08:23:05.562,2,10350,2796,518,3,3
1458,2021012700010004852,0001,2021-01-27 08:23:05.562,2,13302,3634,631,3,3
1459,2021012700010004865,0001,2021-01-27 08:23:05.562,2,1620,1658,529,0,0
1460,2021012700010004851,0001,2021-01-27 08:23:06.578,2,11771,2887,621,3,3
1461,2021012700010004852,0001,2021-01-27 08:23:06.578,2,14052,3779,369,4,4
1462,2021012700010004865,0001,2021-01-27 08:23:06.578,2,2939,1812,594,0,0
1463,2021012700010004851,0001,2021-01-27 08:23:07.593,2,13069,2935,587,3,3
1464,2021012700010004852,0001,2021-01-27 08:23:07.593,2,14052,3779,369,4,4
1465,2021012700010004865,0001,2021-01-27 08:23:07.593,2,4129,1853,624,1,1
1466,2021012700010004852,0001,2021-01-27 08:23:08.608,2,14052,3779,369,4,4
1467,2021012700010004865,0001,2021-01-27 08:23:08.608,2,5483,1943,614,1,1
1468,2021012700010004865,0001,2021-01-27 08:23:09.624,2,6863,1985,596,2,2
1469,2021012700010004865,0001,2021-01-27 08:23:10.639,2,8144,2049,549,2,2
1470,2021012700010004865,0001,2021-01-27 08:23:11.655,2,9532,2222,555,2,2
1471,2021012700010004865,0001,2021-01-27 08:23:12.667,2,10894,2390,536,3,3
1472,2021012700010004865,0001,2021-01-27 08:23:13.682,2,12280,2552,530,3,3
1473,2021012700010004865,0001,2021-01-27 08:23:14.698,2,13588,2726,458,4,4
1474,2021012700010004875,0001,2021-01-27 08:23:19.775,2,50,2874,510,0,0
1475,2021012700010004875,0001,2021-01-27 08:23:20.79,2,1472,3053,533,0,0
1476,2021012700010004875,0001,2021-01-27 08:23:21.805,2,2804,3179,546,0,0
1477,2021012700010004878,0001,2021-01-27 08:23:21.805,2,771,4164,444,0,0
1478,2021012700010004875,0001,2021-01-27 08:23:22.821,2,4120,3332,523,1,1
1479,2021012700010004878,0001,2021-01-27 08:23:22.821,2,2160,3874,410,0,0
1480,2021012700010004888,0001,2021-01-27 08:23:22.821,2,4395,3462,568,0,0
1481,2021012700010004875,0001,2021-01-27 08:23:23.836,2,5582,3450,489,1,1
1482,2021012700010004878,0001,2021-01-27 08:23:23.836,2,3546,3455,390,1,1
1483,2021012700010004875,0001,2021-01-27 08:23:24.852,2,7078,3468,444,2,2
1484,2021012700010004878,0001,2021-01-27 08:23:24.852,2,4993,3173,557,1,1
1485,2021012700010004875,0001,2021-01-27 08:23:25.867,2,8512,3457,508,2,2
1486,2021012700010004878,0001,2021-01-27 08:23:25.867,2,6352,3085,532,1,1
1487,2021012700010004885,0001,2021-01-27 08:23:25.867,2,50,4064,519,0,0
1488,2021012700010004887,0001,2021-01-27 08:23:25.867,2,404,2776,372,0,0
1489,2021012700010004875,0001,2021-01-27 08:23:26.868,2,10222,3467,558,2,2
1490,2021012700010004878,0001,2021-01-27 08:23:26.868,2,7793,2879,551,2,2
1491,2021012700010004885,0001,2021-01-27 08:23:26.868,2,1481,3935,422,0,0
1492,2021012700010004887,0001,2021-01-27 08:23:26.868,2,1903,2822,534,0,0
1493,2021012700010004875,0001,2021-01-27 08:23:27.884,2,11640,3388,546,3,3
1494,2021012700010004878,0001,2021-01-27 08:23:27.884,2,9197,2575,527,2,2
1495,2021012700010004885,0001,2021-01-27 08:23:27.884,2,2790,3883,468,0,0
1496,2021012700010004887,0001,2021-01-27 08:23:27.884,2,3296,2724,526,0,0
1497,2021012700010004889,0001,2021-01-27 08:23:27.884,2,99,3422,439,0,0
1498,2021012700010004875,0001,2021-01-27 08:23:28.899,2,13095,3349,541,3,3
1499,2021012700010004878,0001,2021-01-27 08:23:28.899,2,10647,2411,518,3,3
1500,2021012700010004885,0001,2021-01-27 08:23:28.899,2,4133,3842,502,1,1
1501,2021012700010004887,0001,2021-01-27 08:23:28.899,2,4745,2800,566,1,1
1502,2021012700010004889,0001,2021-01-27 08:23:28.899,2,1513,3415,477,0,0
1503,2021012700010004891,0001,2021-01-27 08:23:28.899,2,141,2363,426,0,0
1504,2021012700010004878,0001,2021-01-27 08:23:29.914,2,12337,2415,379,3,3
1505,2021012700010004885,0001,2021-01-27 08:23:29.914,2,5592,3834,662,1,1
1506,2021012700010004887,0001,2021-01-27 08:23:29.914,2,6394,2906,701,1,1
1507,2021012700010004889,0001,2021-01-27 08:23:29.914,2,2403,3349,494,0,0
1508,2021012700010004891,0001,2021-01-27 08:23:29.914,2,1812,2333,355,0,0
1509,2021012700010004878,0001,2021-01-27 08:23:30.93,2,13750,2339,393,3,3
1510,2021012700010004885,0001,2021-01-27 08:23:30.93,2,7006,3749,722,2,2
1511,2021012700010004887,0001,2021-01-27 08:23:30.93,2,7721,2928,672,2,2
1512,2021012700010004889,0001,2021-01-27 08:23:30.93,2,2403,3349,494,1,1
1513,2021012700010004891,0001,2021-01-27 08:23:30.93,2,3436,2148,603,0,0
1514,2021012700010004894,0001,2021-01-27 08:23:30.93,2,4230,3431,558,0,0
1515,2021012700010004885,0001,2021-01-27 08:23:31.945,2,8248,3717,731,2,2
1516,2021012700010004887,0001,2021-01-27 08:23:31.945,2,9224,2887,636,2,2
1517,2021012700010004889,0001,2021-01-27 08:23:31.945,2,2403,3349,494,1,1
1518,2021012700010004891,0001,2021-01-27 08:23:31.945,2,4969,2000,534,1,1
1519,2021012700010004894,0001,2021-01-27 08:23:31.945,2,5677,3448,548,0,0
1520,2021012700010004885,0001,2021-01-27 08:23:32.961,2,9586,3660,789,2,2
1521,2021012700010004887,0001,2021-01-27 08:23:32.961,2,10726,2804,656,2,2
1522,2021012700010004891,0001,2021-01-27 08:23:32.961,2,6553,1949,668,1,1
1523,2021012700010004894,0001,2021-01-27 08:23:32.961,2,7013,3424,579,0,0
1524,2021012700010004885,0001,2021-01-27 08:23:33.976,2,10978,3594,661,3,3
1525,2021012700010004887,0001,2021-01-27 08:23:33.976,2,12211,2732,646,3,3
1526,2021012700010004891,0001,2021-01-27 08:23:33.976,2,8353,1701,613,2,2
1527,2021012700010004894,0001,2021-01-27 08:23:33.976,2,8523,3358,563,1,1
1528,2021012700010004885,0001,2021-01-27 08:23:34.991,2,12199,3497,553,3,3
1529,2021012700010004887,0001,2021-01-27 08:23:34.991,2,13808,2739,550,3,3
1530,2021012700010004891,0001,2021-01-27 08:23:34.991,2,9816,1731,441,2,2
1531,2021012700010004894,0001,2021-01-27 08:23:34.991,2,9830,3338,551,1,1
1532,2021012700010004885,0001,2021-01-27 08:23:36.007,2,13666,3553,573,4,4
1533,2021012700010004891,0001,2021-01-27 08:23:36.007,2,9816,1731,441,2,2
1534,2021012700010004894,0001,2021-01-27 08:23:36.007,2,11240,3357,578,2,2
1535,2021012700010004896,0001,2021-01-27 08:23:36.007,2,11743,1876,463,0,0
1536,2021012700010004891,0001,2021-01-27 08:23:37.022,2,9816,1731,441,3,3
1537,2021012700010004894,0001,2021-01-27 08:23:37.022,2,12712,3377,638,2,2
1538,2021012700010004896,0001,2021-01-27 08:23:37.022,2,13308,1805,416,0,0
1539,2021012700010004891,0001,2021-01-27 08:23:38.038,2,9816,1731,441,3,3
1540,2021012700010004894,0001,2021-01-27 08:23:38.038,2,14132,3393,417,2,2
1541,2021012700010004897,0001,2021-01-27 08:23:40.068,2,727,2672,509,0,0
1542,2021012700010004897,0001,2021-01-27 08:23:41.084,2,2417,2797,505,0,0
1543,2021012700010004897,0001,2021-01-27 08:23:42.085,2,3948,2807,545,0,0
1544,2021012700010004897,0001,2021-01-27 08:23:43.101,2,5459,2872,538,1,1
1545,2021012700010004897,0001,2021-01-27 08:23:44.116,2,6197,2826,542,1,1
1546,2021012700010004902,0001,2021-01-27 08:23:44.116,2,6875,2847,585,0,0
1547,2021012700010004897,0001,2021-01-27 08:23:45.131,2,6197,2826,542,2,2
1548,2021012700010004902,0001,2021-01-27 08:23:45.131,2,8456,2890,510,0,0
1549,2021012700010004897,0001,2021-01-27 08:23:46.147,2,6197,2826,542,2,2
1550,2021012700010004902,0001,2021-01-27 08:23:46.147,2,9933,2963,598,0,0
1551,2021012700010004902,0001,2021-01-27 08:23:47.162,2,11445,2961,637,1,1
1552,2021012700010004902,0001,2021-01-27 08:23:48.177,2,13054,2864,641,1,1
1553,2021012700010004907,0001,2021-01-27 08:23:59.332,2,489,2313,416,0,0
1554,2021012700010004907,0001,2021-01-27 08:24:00.348,2,1551,2264,470,0,0
1555,2021012700010004907,0001,2021-01-27 08:24:01.363,2,2561,2161,501,0,0
1556,2021012700010004907,0001,2021-01-27 08:24:02.379,2,3703,2170,606,1,1
1557,2021012700010004907,0001,2021-01-27 08:24:03.394,2,4871,2077,648,1,1
1558,2021012700010004907,0001,2021-01-27 08:24:04.409,2,5953,1969,649,2,2
1559,2021012700010004907,0001,2021-01-27 08:24:05.425,2,7017,1899,623,2,2
1560,2021012700010004911,0001,2021-01-27 08:24:05.425,2,1107,1847,491,0,0
1561,2021012700010004907,0001,2021-01-27 08:24:06.44,2,8181,1889,663,3,3
1562,2021012700010004911,0001,2021-01-27 08:24:06.44,2,2690,1853,496,0,0
1563,2021012700010004907,0001,2021-01-27 08:24:07.455,2,9289,1911,621,3,3
1564,2021012700010004911,0001,2021-01-27 08:24:07.455,2,4334,1902,627,1,1
1565,2021012700010004907,0001,2021-01-27 08:24:08.471,2,10324,1936,596,3,3
1566,2021012700010004911,0001,2021-01-27 08:24:08.471,2,5800,1914,644,1,1
1567,2021012700010004907,0001,2021-01-27 08:24:09.486,2,11460,1892,662,4,4
1568,2021012700010004911,0001,2021-01-27 08:24:09.486,2,7340,1880,694,1,1
1569,2021012700010004907,0001,2021-01-27 08:24:10.502,2,12579,1851,610,4,4
1570,2021012700010004911,0001,2021-01-27 08:24:10.502,2,8788,1845,671,2,2
1571,2021012700010004907,0001,2021-01-27 08:24:11.517,2,13913,1882,599,5,5
1572,2021012700010004911,0001,2021-01-27 08:24:11.517,2,10399,1925,659,2,2
1573,2021012700010004911,0001,2021-01-27 08:24:12.518,2,11941,2049,645,3,3
1574,2021012700010004911,0001,2021-01-27 08:24:13.534,2,13564,2298,675,3,3
1575,2021012700010004937,0001,2021-01-27 08:25:15.412,2,641,2229,586,0,0
1576,2021012700010004937,0001,2021-01-27 08:25:16.427,2,2179,2002,575,0,0
1577,2021012700010004937,0001,2021-01-27 08:25:17.443,2,3662,1848,577,0,0
1578,2021012700010004937,0001,2021-01-27 08:25:18.458,2,5267,1824,613,1,1
1579,2021012700010004937,0001,2021-01-27 08:25:19.473,2,6768,1808,641,1,1
1580,2021012700010004937,0001,2021-01-27 08:25:20.489,2,8337,1884,603,2,2
1581,2021012700010004937,0001,2021-01-27 08:25:21.504,2,9811,1995,612,2,2
1582,2021012700010004937,0001,2021-01-27 08:25:22.52,2,11270,2115,556,2,2
1583,2021012700010004937,0001,2021-01-27 08:25:23.535,2,12916,2194,417,3,3
1584,2021012700010004944,0001,2021-01-27 08:25:24.55,2,907,3513,413,0,0
1585,2021012700010004944,0001,2021-01-27 08:25:25.566,2,2103,3703,434,0,0
1586,2021012700010004944,0001,2021-01-27 08:25:26.581,2,3333,3858,540,1,1
1587,2021012700010004944,0001,2021-01-27 08:25:27.595,2,4544,3886,550,1,1
1588,2021012700010004944,0001,2021-01-27 08:25:28.61,2,5699,3922,586,1,1
1589,2021012700010004951,0001,2021-01-27 08:25:28.61,2,394,3706,673,0,0
1590,2021012700010004944,0001,2021-01-27 08:25:29.626,2,6899,3989,628,2,2
1591,2021012700010004951,0001,2021-01-27 08:25:29.626,2,1769,3727,668,0,0
1592,2021012700010004944,0001,2021-01-27 08:25:30.641,2,8200,4002,583,2,2
1593,2021012700010004951,0001,2021-01-27 08:25:30.641,2,3373,3548,691,0,0
1594,2021012700010004944,0001,2021-01-27 08:25:31.656,2,9353,3972,567,3,3
1595,2021012700010004951,0001,2021-01-27 08:25:31.656,2,4988,3556,751,1,1
1596,2021012700010004944,0001,2021-01-27 08:25:32.672,2,10534,3863,594,3,3
1597,2021012700010004951,0001,2021-01-27 08:25:32.672,2,6408,3349,623,1,1
1598,2021012700010004944,0001,2021-01-27 08:25:33.687,2,11822,3785,565,3,3
1599,2021012700010004951,0001,2021-01-27 08:25:33.687,2,7782,3068,528,2,2
1600,2021012700010004944,0001,2021-01-27 08:25:34.703,2,13196,3798,582,4,4
1601,2021012700010004951,0001,2021-01-27 08:25:34.703,2,9320,2962,563,2,2
1602,2021012700010004951,0001,2021-01-27 08:25:35.718,2,10772,2862,549,2,2
1603,2021012700010004951,0001,2021-01-27 08:25:36.733,2,12339,2849,556,3,3
1604,2021012700010004958,0001,2021-01-27 08:25:36.733,2,12645,2978,622,0,0
1605,2021012700010004951,0001,2021-01-27 08:25:37.749,2,12576,2845,563,3,3
1606,2021012700010004955,0001,2021-01-27 08:25:37.749,2,676,3272,460,0,0
1607,2021012700010004958,0001,2021-01-27 08:25:37.749,2,14114,2751,678,0,0
1608,2021012700010004951,0001,2021-01-27 08:25:38.764,2,12576,2845,563,4,4
1609,2021012700010004955,0001,2021-01-27 08:25:38.764,2,1896,3020,452,0,0
1610,2021012700010004951,0001,2021-01-27 08:25:39.779,2,12576,2845,563,4,4
1611,2021012700010004955,0001,2021-01-27 08:25:39.779,2,3096,2845,504,0,0
1612,2021012700010004955,0001,2021-01-27 08:25:40.795,2,4312,2715,540,1,1
1613,2021012700010004955,0001,2021-01-27 08:25:41.796,2,5552,2588,427,1,1
1614,2021012700010004960,0001,2021-01-27 08:25:41.796,2,166,3509,524,0,0
1615,2021012700010004955,0001,2021-01-27 08:25:42.811,2,6774,2620,558,2,2
1616,2021012700010004960,0001,2021-01-27 08:25:42.811,2,1775,3410,436,0,0
1617,2021012700010004955,0001,2021-01-27 08:25:43.827,2,8003,2563,593,2,2
1618,2021012700010004960,0001,2021-01-27 08:25:43.827,2,3283,3498,520,0,0
1619,2021012700010004955,0001,2021-01-27 08:25:44.842,2,9183,2547,585,3,3
1620,2021012700010004960,0001,2021-01-27 08:25:44.842,2,5000,3486,464,1,1
1621,2021012700010004955,0001,2021-01-27 08:25:45.857,2,10479,2492,533,3,3
1622,2021012700010004960,0001,2021-01-27 08:25:45.857,2,6565,3529,528,1,1
1623,2021012700010004955,0001,2021-01-27 08:25:46.873,2,11692,2460,588,3,3
1624,2021012700010004960,0001,2021-01-27 08:25:46.873,2,7983,3513,468,2,2
1625,2021012700010004955,0001,2021-01-27 08:25:47.888,2,12951,2401,582,4,4
1626,2021012700010004960,0001,2021-01-27 08:25:47.888,2,9548,3406,505,2,2
1627,2021012700010004955,0001,2021-01-27 08:25:48.904,2,14183,2286,353,4,4
1628,2021012700010004960,0001,2021-01-27 08:25:48.904,2,11369,3248,549,2,2
1629,2021012700010004962,0001,2021-01-27 08:25:48.904,2,588,1923,494,0,0
1630,2021012700010004960,0001,2021-01-27 08:25:49.919,2,13040,3106,545,3,3
1631,2021012700010004962,0001,2021-01-27 08:25:49.919,2,2143,2143,636,0,0
1632,2021012700010004962,0001,2021-01-27 08:25:50.935,2,3734,2222,684,0,0
1633,2021012700010004962,0001,2021-01-27 08:25:51.95,2,5374,2323,435,1,1
1634,2021012700010004962,0001,2021-01-27 08:25:52.965,2,6979,2368,451,1,1
1635,2021012700010004962,0001,2021-01-27 08:25:53.981,2,8557,2533,469,2,2
1636,2021012700010004962,0001,2021-01-27 08:25:54.996,2,10036,2830,458,2,2
1637,2021012700010004962,0001,2021-01-27 08:25:56.011,2,11847,2891,675,2,2
1638,2021012700010004962,0001,2021-01-27 08:25:57.013,2,13327,3054,628,3,3
1639,2021012700010004964,0001,2021-01-27 08:25:58.028,2,370,4115,354,0,0
1640,2021012700010004964,0001,2021-01-27 08:25:59.044,2,370,4115,354,0,0
1641,2021012700010004968,0001,2021-01-27 08:25:59.044,2,2230,3662,376,0,0
1642,2021012700010004964,0001,2021-01-27 08:26:00.059,2,370,4115,354,1,1
1643,2021012700010004968,0001,2021-01-27 08:26:00.059,2,3385,3305,452,0,0
1644,2021012700010004968,0001,2021-01-27 08:26:01.074,2,4660,3161,487,0,0
1645,2021012700010004968,0001,2021-01-27 08:26:02.09,2,5963,3140,497,1,1
1646,2021012700010004968,0001,2021-01-27 08:26:03.105,2,7215,3027,495,1,1
1647,2021012700010004968,0001,2021-01-27 08:26:04.12,2,8552,2822,499,2,2
1648,2021012700010004969,0001,2021-01-27 08:26:04.12,2,362,2939,393,0,0
1649,2021012700010004968,0001,2021-01-27 08:26:05.136,2,9916,2633,492,2,2
1650,2021012700010004969,0001,2021-01-27 08:26:05.136,2,1622,3052,516,0,0
1651,2021012700010004968,0001,2021-01-27 08:26:06.151,2,11218,2574,498,2,2
1652,2021012700010004969,0001,2021-01-27 08:26:06.151,2,2841,3178,535,0,0
1653,2021012700010004968,0001,2021-01-27 08:26:07.167,2,12521,2626,397,3,3
1654,2021012700010004969,0001,2021-01-27 08:26:07.167,2,4093,3188,544,1,1
1655,2021012700010004970,0001,2021-01-27 08:26:07.167,2,13153,1324,579,0,0
1656,2021012700010004968,0001,2021-01-27 08:26:08.182,2,13679,2497,364,3,3
1657,2021012700010004969,0001,2021-01-27 08:26:08.182,2,5343,3119,558,1,1
1658,2021012700010004970,0001,2021-01-27 08:26:08.182,2,11555,1368,614,0,0
1659,2021012700010004969,0001,2021-01-27 08:26:09.197,2,6553,2990,594,2,2
1660,2021012700010004970,0001,2021-01-27 08:26:09.197,2,9986,1404,623,1,1
1661,2021012700010004969,0001,2021-01-27 08:26:10.213,2,7741,2819,585,2,2
1662,2021012700010004970,0001,2021-01-27 08:26:10.213,2,8448,1414,601,1,1
1663,2021012700010004969,0001,2021-01-27 08:26:11.228,2,8967,2657,581,2,2
1664,2021012700010004970,0001,2021-01-27 08:26:11.228,2,6873,1400,621,1,1
1665,2021012700010004969,0001,2021-01-27 08:26:12.229,2,10305,2539,563,3,3
1666,2021012700010004970,0001,2021-01-27 08:26:12.229,2,5342,1385,643,2,2
1667,2021012700010004969,0001,2021-01-27 08:26:13.245,2,11438,2484,614,3,3
1668,2021012700010004970,0001,2021-01-27 08:26:13.245,2,3742,1359,631,2,2
1669,2021012700010004969,0001,2021-01-27 08:26:14.26,2,12569,2444,581,4,4
1670,2021012700010004970,0001,2021-01-27 08:26:14.26,2,2186,1364,626,3,3
1671,2021012700010004969,0001,2021-01-27 08:26:15.276,2,13869,2409,452,4,4
1672,2021012700010004970,0001,2021-01-27 08:26:15.276,2,623,1482,412,3,3
1673,2021012700010004974,0001,2021-01-27 08:26:15.276,2,247,2940,557,0,0
1674,2021012700010004974,0001,2021-01-27 08:26:16.291,2,1813,2979,598,0,0
1675,2021012700010004974,0001,2021-01-27 08:26:17.306,2,3058,2797,583,0,0
1676,2021012700010004974,0001,2021-01-27 08:26:18.322,2,4498,2812,604,1,1
1677,2021012700010004974,0001,2021-01-27 08:26:19.337,2,6062,2743,621,1,1
1678,2021012700010004974,0001,2021-01-27 08:26:20.352,2,7561,2713,632,2,2
1679,2021012700010004974,0001,2021-01-27 08:26:21.368,2,8921,2639,605,2,2
1680,2021012700010004974,0001,2021-01-27 08:26:22.383,2,10333,2548,593,2,2
1681,2021012700010004974,0001,2021-01-27 08:26:23.399,2,11895,2527,638,3,3
1682,2021012700010004974,0001,2021-01-27 08:26:24.414,2,13366,2285,637,3,3
1683,2021012700010004985,0001,2021-01-27 08:26:45.709,2,851,3848,420,0,0
1684,2021012700010004985,0001,2021-01-27 08:26:46.724,2,2505,3369,384,0,0
1685,2021012700010004985,0001,2021-01-27 08:26:47.739,2,4261,3088,598,0,0
1686,2021012700010004985,0001,2021-01-27 08:26:48.755,2,5977,2746,632,1,1
1687,2021012700010004985,0001,2021-01-27 08:26:49.77,2,7710,2640,616,1,1
1688,2021012700010004985,0001,2021-01-27 08:26:50.786,2,9423,2595,628,2,2
1689,2021012700010004985,0001,2021-01-27 08:26:51.801,2,11185,2429,504,2,2
1690,2021012700010004985,0001,2021-01-27 08:26:52.817,2,13077,2407,443,3,3
1691,2021012700010004996,0001,2021-01-27 08:27:31.293,2,1194,3957,550,0,0
1692,2021012700010004996,0001,2021-01-27 08:27:32.308,2,2557,3949,540,0,0
1693,2021012700010004996,0001,2021-01-27 08:27:33.323,2,3893,3900,572,1,1
1694,2021012700010004996,0001,2021-01-27 08:27:34.339,2,5504,3803,621,1,1
1695,2021012700010004996,0001,2021-01-27 08:27:35.354,2,6729,3713,581,1,1
1696,2021012700010005004,0001,2021-01-27 08:27:35.354,2,564,4108,507,0,0
1697,2021012700010004996,0001,2021-01-27 08:27:36.37,2,8151,3673,562,2,2
1698,2021012700010005004,0001,2021-01-27 08:27:36.37,2,1884,3996,424,0,0
1699,2021012700010004996,0001,2021-01-27 08:27:37.385,2,9347,3660,581,2,2
1700,2021012700010005004,0001,2021-01-27 08:27:37.385,2,3154,4038,449,0,0
1701,2021012700010005008,0001,2021-01-27 08:27:37.385,2,279,3312,562,0,0
1702,2021012700010004996,0001,2021-01-27 08:27:38.4,2,10850,3580,532,3,3
1703,2021012700010005004,0001,2021-01-27 08:27:38.4,2,4577,4138,405,1,1
1704,2021012700010005008,0001,2021-01-27 08:27:38.4,2,1725,3006,562,0,0
1705,2021012700010004996,0001,2021-01-27 08:27:39.416,2,12369,3477,559,3,3
1706,2021012700010005004,0001,2021-01-27 08:27:39.416,2,5914,4281,571,1,1
1707,2021012700010005008,0001,2021-01-27 08:27:39.416,2,3161,2832,575,0,0
1708,2021012700010005010,0001,2021-01-27 08:27:39.416,2,231,3419,584,0,0
1709,2021012700010004996,0001,2021-01-27 08:27:40.431,2,13726,3450,461,3,3
1710,2021012700010005004,0001,2021-01-27 08:27:40.431,2,7296,4256,552,2,2
1711,2021012700010005008,0001,2021-01-27 08:27:40.431,2,4543,2687,539,1,1
1712,2021012700010005010,0001,2021-01-27 08:27:40.431,2,1608,3424,616,0,0
1713,2021012700010005004,0001,2021-01-27 08:27:41.447,2,8729,4160,537,2,2
1714,2021012700010005008,0001,2021-01-27 08:27:41.447,2,6007,2691,546,1,1
1715,2021012700010005009,0001,2021-01-27 08:27:41.447,2,933,2419,511,0,0
1716,2021012700010005010,0001,2021-01-27 08:27:41.447,2,2995,3331,602,0,0
1717,2021012700010005004,0001,2021-01-27 08:27:42.46,2,10200,4073,705,3,3
1718,2021012700010005008,0001,2021-01-27 08:27:42.46,2,7371,2625,528,2,2
1719,2021012700010005009,0001,2021-01-27 08:27:42.46,2,2492,2457,507,0,0
1720,2021012700010005010,0001,2021-01-27 08:27:42.46,2,4373,3175,523,1,1
1721,2021012700010005004,0001,2021-01-27 08:27:43.475,2,11480,4122,533,3,3
1722,2021012700010005008,0001,2021-01-27 08:27:43.475,2,8734,2564,528,2,2
1723,2021012700010005009,0001,2021-01-27 08:27:43.475,2,3956,2424,527,1,1
1724,2021012700010005010,0001,2021-01-27 08:27:43.475,2,5523,3011,380,1,1
1725,2021012700010005004,0001,2021-01-27 08:27:44.491,2,12860,3902,655,3,3
1726,2021012700010005008,0001,2021-01-27 08:27:44.491,2,10192,2494,550,2,2
1727,2021012700010005009,0001,2021-01-27 08:27:44.491,2,5465,2347,519,1,1
1728,2021012700010005010,0001,2021-01-27 08:27:44.491,2,5523,3011,380,2,2
1729,2021012700010005025,0001,2021-01-27 08:27:44.491,2,7445,3053,588,0,0
1730,2021012700010005008,0001,2021-01-27 08:27:45.506,2,11504,2392,518,3,3
1731,2021012700010005009,0001,2021-01-27 08:27:45.506,2,6911,2278,508,1,1
1732,2021012700010005010,0001,2021-01-27 08:27:45.506,2,5523,3011,380,2,2
1733,2021012700010005019,0001,2021-01-27 08:27:45.506,2,656,3621,580,0,0
1734,2021012700010005025,0001,2021-01-27 08:27:45.506,2,8794,3026,681,0,0
1735,2021012700010005008,0001,2021-01-27 08:27:46.521,2,13196,2507,620,3,3
1736,2021012700010005009,0001,2021-01-27 08:27:46.521,2,8528,2185,499,2,2
1737,2021012700010005019,0001,2021-01-27 08:27:46.521,2,2071,3506,562,0,0
1738,2021012700010005022,0001,2021-01-27 08:27:46.521,2,326,3040,494,0,0
1739,2021012700010005025,0001,2021-01-27 08:27:46.521,2,10275,3052,709,0,0
1740,2021012700010005009,0001,2021-01-27 08:27:47.537,2,10071,2142,550,2,2
1741,2021012700010005019,0001,2021-01-27 08:27:47.537,2,3432,3489,559,0,0
1742,2021012700010005022,0001,2021-01-27 08:27:47.537,2,1673,3001,497,0,0
1743,2021012700010005025,0001,2021-01-27 08:27:47.537,2,11710,3053,709,1,1
1744,2021012700010005009,0001,2021-01-27 08:27:48.552,2,11553,2116,576,3,3
1745,2021012700010005019,0001,2021-01-27 08:27:48.552,2,4769,3509,563,1,1
1746,2021012700010005021,0001,2021-01-27 08:27:48.552,2,1147,1564,519,0,0
1747,2021012700010005022,0001,2021-01-27 08:27:48.552,2,2886,2983,364,0,0
1748,2021012700010005025,0001,2021-01-27 08:27:48.552,2,13046,2950,614,1,1
1749,2021012700010005030,0001,2021-01-27 08:27:48.552,2,431,3603,356,0,0
1750,2021012700010005009,0001,2021-01-27 08:27:49.568,2,13085,1863,572,3,3
1751,2021012700010005019,0001,2021-01-27 08:27:49.568,2,5297,3354,397,1,1
1752,2021012700010005021,0001,2021-01-27 08:27:49.568,2,2706,1452,537,0,0
1753,2021012700010005022,0001,2021-01-27 08:27:49.568,2,2886,2983,364,1,1
1754,2021012700010005030,0001,2021-01-27 08:27:49.568,2,1653,3660,428,0,0
1755,2021012700010005031,0001,2021-01-27 08:27:49.568,2,6420,3549,460,0,0
1756,2021012700010005033,0001,2021-01-27 08:27:49.568,2,4216,3132,442,0,0
1757,2021012700010005019,0001,2021-01-27 08:27:50.583,2,5297,3354,397,2,2
1758,2021012700010005021,0001,2021-01-27 08:27:50.583,2,4368,1468,592,1,1
1759,2021012700010005022,0001,2021-01-27 08:27:50.583,2,2886,2983,364,1,1
1760,2021012700010005030,0001,2021-01-27 08:27:50.583,2,2874,3638,440,0,0
1761,2021012700010005031,0001,2021-01-27 08:27:50.583,2,7558,3461,504,0,0
1762,2021012700010005033,0001,2021-01-27 08:27:50.583,2,5582,3105,563,0,0
1763,2021012700010005035,0001,2021-01-27 08:27:50.583,2,7865,3524,465,0,0
1764,2021012700010005019,0001,2021-01-27 08:27:51.599,2,5297,3354,397,2,2
1765,2021012700010005021,0001,2021-01-27 08:27:51.599,2,5964,1496,586,1,1
1766,2021012700010005022,0001,2021-01-27 08:27:51.599,2,2886,2983,364,2,2
1767,2021012700010005027,0001,2021-01-27 08:27:51.599,2,769,3278,415,0,0
1768,2021012700010005028,0001,2021-01-27 08:27:51.599,2,90,2280,450,0,0
1769,2021012700010005030,0001,2021-01-27 08:27:51.599,2,4188,3555,552,1,1
1770,2021012700010005031,0001,2021-01-27 08:27:51.599,2,7824,3459,532,1,1
1771,2021012700010005033,0001,2021-01-27 08:27:51.599,2,6832,3113,524,0,0
1772,2021012700010005036,0001,2021-01-27 08:27:51.599,2,8981,3466,536,0,0
1773,2021012700010005021,0001,2021-01-27 08:27:52.614,2,7456,1396,572,1,1
1774,2021012700010005027,0001,2021-01-27 08:27:52.614,2,1901,3285,373,0,0
1775,2021012700010005028,0001,2021-01-27 08:27:52.614,2,1555,2090,523,0,0
1776,2021012700010005030,0001,2021-01-27 08:27:52.614,2,5427,3495,545,1,1
1777,2021012700010005031,0001,2021-01-27 08:27:52.614,2,8205,3127,513,1,1
1778,2021012700010005033,0001,2021-01-27 08:27:52.614,2,8444,3358,351,1,1
1779,2021012700010005036,0001,2021-01-27 08:27:52.614,2,10606,3521,475,0,0
1780,2021012700010005021,0001,2021-01-27 08:27:53.629,2,8945,1335,554,2,2
1781,2021012700010005027,0001,2021-01-27 08:27:53.629,2,3291,3216,581,1,1
1782,2021012700010005028,0001,2021-01-27 08:27:53.629,2,3036,2044,523,0,0
1783,2021012700010005030,0001,2021-01-27 08:27:53.629,2,6645,3500,625,1,1
1784,2021012700010005031,0001,2021-01-27 08:27:53.629,2,8751,3141,489,1,1
1785,2021012700010005033,0001,2021-01-27 08:27:53.629,2,9614,3261,628,1,1
1786,2021012700010005034,0001,2021-01-27 08:27:53.629,2,993,2867,490,0,0
1787,2021012700010005036,0001,2021-01-27 08:27:53.629,2,11884,3474,477,1,1
1788,2021012700010005021,0001,2021-01-27 08:27:54.645,2,10718,1314,581,2,2
1789,2021012700010005027,0001,2021-01-27 08:27:54.645,2,4649,3185,546,1,1
1790,2021012700010005028,0001,2021-01-27 08:27:54.645,2,4599,2074,537,1,1
1791,2021012700010005030,0001,2021-01-27 08:27:54.645,2,7994,3420,594,2,2
1792,2021012700010005033,0001,2021-01-27 08:27:54.645,2,11112,3198,650,2,2
1793,2021012700010005034,0001,2021-01-27 08:27:54.645,2,2546,2888,455,0,0
1794,2021012700010005036,0001,2021-01-27 08:27:54.645,2,13326,3460,564,1,1
1795,2021012700010005037,0001,2021-01-27 08:27:54.645,2,1268,3263,398,0,0
1796,2021012700010005021,0001,2021-01-27 08:27:55.66,2,12289,1409,509,3,3
1797,2021012700010005027,0001,2021-01-27 08:27:55.66,2,5885,3230,533,1,1
1798,2021012700010005028,0001,2021-01-27 08:27:55.66,2,6027,2062,537,1,1
1799,2021012700010005030,0001,2021-01-27 08:27:55.66,2,9253,3395,600,2,2
1800,2021012700010005033,0001,2021-01-27 08:27:55.66,2,12301,2976,641,2,2
1801,2021012700010005034,0001,2021-01-27 08:27:55.66,2,4076,2981,552,1,1
1802,2021012700010005037,0001,2021-01-27 08:27:55.66,2,2558,3179,435,0,0
1803,2021012700010005021,0001,2021-01-27 08:27:56.675,2,13893,1476,519,3,3
1804,2021012700010005027,0001,2021-01-27 08:27:56.675,2,7183,3216,448,2,2
1805,2021012700010005028,0001,2021-01-27 08:27:56.675,2,7551,2023,547,2,2
1806,2021012700010005030,0001,2021-01-27 08:27:56.675,2,10446,3471,534,3,3
1807,2021012700010005033,0001,2021-01-27 08:27:56.675,2,13582,2760,563,2,2
1808,2021012700010005034,0001,2021-01-27 08:27:56.675,2,5517,2970,602,1,1
1809,2021012700010005037,0001,2021-01-27 08:27:56.675,2,3939,3099,560,1,1
1810,2021012700010005021,0001,2021-01-27 08:27:57.677,2,14121,1486,401,3,3
1811,2021012700010005027,0001,2021-01-27 08:27:57.677,2,8436,3153,399,2,2
1812,2021012700010005028,0001,2021-01-27 08:27:57.677,2,9033,2003,567,2,2
1813,2021012700010005030,0001,2021-01-27 08:27:57.677,2,11781,3323,644,3,3
1814,2021012700010005034,0001,2021-01-27 08:27:57.677,2,6925,3052,590,1,1
1815,2021012700010005037,0001,2021-01-27 08:27:57.677,2,5272,3003,585,1,1
1816,2021012700010005038,0001,2021-01-27 08:27:57.677,2,421,4102,666,0,0
1817,2021012700010005021,0001,2021-01-27 08:27:58.692,2,14121,1486,401,4,4
1818,2021012700010005027,0001,2021-01-27 08:27:58.692,2,9784,3214,602,3,3
1819,2021012700010005028,0001,2021-01-27 08:27:58.692,2,10500,1994,562,2,2
1820,2021012700010005030,0001,2021-01-27 08:27:58.692,2,13067,3258,589,3,3
1821,2021012700010005034,0001,2021-01-27 08:27:58.692,2,8303,3046,627,2,2
1822,2021012700010005037,0001,2021-01-27 08:27:58.692,2,6647,2979,554,1,1
1823,2021012700010005038,0001,2021-01-27 08:27:58.692,2,1879,3859,632,0,0
1824,2021012700010005021,0001,2021-01-27 08:27:59.707,2,14121,1486,401,4,4
1825,2021012700010005027,0001,2021-01-27 08:27:59.707,2,11158,3224,589,3,3
1826,2021012700010005028,0001,2021-01-27 08:27:59.707,2,12147,2139,457,3,3
1827,2021012700010005034,0001,2021-01-27 08:27:59.707,2,9761,2963,613,2,2
1828,2021012700010005037,0001,2021-01-27 08:27:59.707,2,8019,2982,598,2,2
1829,2021012700010005038,0001,2021-01-27 08:27:59.707,2,3435,3912,672,0,0
1830,2021012700010005027,0001,2021-01-27 08:28:00.723,2,12419,3206,570,3,3
1831,2021012700010005028,0001,2021-01-27 08:28:00.723,2,13538,2076,416,3,3
1832,2021012700010005034,0001,2021-01-27 08:28:00.723,2,11065,2887,549,3,3
1833,2021012700010005037,0001,2021-01-27 08:28:00.723,2,9263,2947,627,2,2
1834,2021012700010005038,0001,2021-01-27 08:28:00.723,2,4908,3946,650,1,1
1835,2021012700010005027,0001,2021-01-27 08:28:01.738,2,13769,3294,506,4,4
1836,2021012700010005034,0001,2021-01-27 08:28:01.738,2,12449,2817,557,3,3
1837,2021012700010005037,0001,2021-01-27 08:28:01.738,2,10620,2924,646,3,3
1838,2021012700010005038,0001,2021-01-27 08:28:01.738,2,6412,3934,676,1,1
1839,2021012700010005034,0001,2021-01-27 08:28:02.754,2,13842,2715,455,3,3
1840,2021012700010005037,0001,2021-01-27 08:28:02.754,2,12032,2837,654,3,3
1841,2021012700010005038,0001,2021-01-27 08:28:02.754,2,7859,3835,622,2,2
1842,2021012700010005037,0001,2021-01-27 08:28:03.769,2,13591,2552,498,4,4
1843,2021012700010005038,0001,2021-01-27 08:28:03.769,2,9440,3719,626,2,2
1844,2021012700010005039,0001,2021-01-27 08:28:03.769,2,612,3159,535,0,0
1845,2021012700010005038,0001,2021-01-27 08:28:04.785,2,10831,3651,656,2,2
1846,2021012700010005039,0001,2021-01-27 08:28:04.785,2,1882,3193,551,0,0
1847,2021012700010005038,0001,2021-01-27 08:28:05.8,2,12341,3510,624,3,3
1848,2021012700010005039,0001,2021-01-27 08:28:05.8,2,3275,3189,560,0,0
1849,2021012700010005038,0001,2021-01-27 08:28:06.815,2,13834,3321,621,3,3
1850,2021012700010005039,0001,2021-01-27 08:28:06.815,2,4512,3100,526,1,1
1851,2021012700010005039,0001,2021-01-27 08:28:07.831,2,5859,3082,519,1,1
1852,2021012700010005039,0001,2021-01-27 08:28:08.846,2,7183,3029,513,2,2
1853,2021012700010005039,0001,2021-01-27 08:28:09.861,2,8614,3027,526,2,2
1854,2021012700010005042,0001,2021-01-27 08:28:09.861,2,981,3287,374,0,0
1855,2021012700010005039,0001,2021-01-27 08:28:10.877,2,9915,3054,505,3,3
1856,2021012700010005042,0001,2021-01-27 08:28:10.877,2,2286,3172,461,0,0
1857,2021012700010005039,0001,2021-01-27 08:28:11.878,2,11192,3049,523,3,3
1858,2021012700010005042,0001,2021-01-27 08:28:11.878,2,3675,3188,530,1,1
1859,2021012700010005039,0001,2021-01-27 08:28:12.894,2,12611,3017,563,3,3
1860,2021012700010005042,0001,2021-01-27 08:28:12.894,2,5162,3193,620,1,1
1861,2021012700010005039,0001,2021-01-27 08:28:13.909,2,13989,3072,571,4,4
1862,2021012700010005042,0001,2021-01-27 08:28:13.909,2,6422,3206,595,1,1
1863,2021012700010005042,0001,2021-01-27 08:28:14.924,2,7926,3020,438,2,2
1864,2021012700010005042,0001,2021-01-27 08:28:15.94,2,9495,3088,645,2,2
1865,2021012700010005042,0001,2021-01-27 08:28:16.955,2,10918,3041,642,3,3
1866,2021012700010005042,0001,2021-01-27 08:28:17.971,2,12362,3005,641,3,3
1867,2021012700010005043,0001,2021-01-27 08:28:17.971,2,617,3627,459,0,0
1868,2021012700010005042,0001,2021-01-27 08:28:18.986,2,13752,2917,457,3,3
1869,2021012700010005043,0001,2021-01-27 08:28:18.986,2,2458,3057,467,0,0
1870,2021012700010005043,0001,2021-01-27 08:28:20.001,2,4344,2967,566,0,0
1871,2021012700010005043,0001,2021-01-27 08:28:21.017,2,6165,2811,540,1,1
1872,2021012700010005043,0001,2021-01-27 08:28:22.032,2,7986,2886,556,1,1
1873,2021012700010005043,0001,2021-01-27 08:28:23.047,2,9662,2978,492,2,2
1874,2021012700010005043,0001,2021-01-27 08:28:24.063,2,11463,2964,518,2,2
1875,2021012700010005043,0001,2021-01-27 08:28:25.078,2,13344,2972,472,3,3
1876,2021012700010005072,0001,2021-01-27 08:29:05.651,2,507,3053,489,0,0
1877,2021012700010005072,0001,2021-01-27 08:29:06.667,2,2498,2833,557,0,0
1878,2021012700010005072,0001,2021-01-27 08:29:07.682,2,4270,2624,578,0,0
1879,2021012700010005072,0001,2021-01-27 08:29:08.698,2,6060,2499,631,1,1
1880,2021012700010005072,0001,2021-01-27 08:29:09.713,2,7869,2370,591,1,1
1881,2021012700010005072,0001,2021-01-27 08:29:10.728,2,9662,2209,652,2,2
1882,2021012700010005072,0001,2021-01-27 08:29:11.744,2,11549,2115,672,2,2
1883,2021012700010005072,0001,2021-01-27 08:29:12.745,2,13442,2129,601,2,2
1884,2021012700010005075,0001,2021-01-27 08:29:15.791,2,13635,575,410,0,0
1885,2021012700010005075,0001,2021-01-27 08:29:16.807,2,12288,649,425,0,0
1886,2021012700010005075,0001,2021-01-27 08:29:17.822,2,10972,597,472,0,0
1887,2021012700010005075,0001,2021-01-27 08:29:18.837,2,9560,731,461,1,1
1888,2021012700010005075,0001,2021-01-27 08:29:19.853,2,8231,684,432,1,1
1889,2021012700010005077,0001,2021-01-27 08:29:19.853,2,475,3436,683,0,0
1890,2021012700010005075,0001,2021-01-27 08:29:20.868,2,6938,697,427,2,2
1891,2021012700010005077,0001,2021-01-27 08:29:20.868,2,1959,3028,594,0,0
1892,2021012700010005075,0001,2021-01-27 08:29:21.884,2,5696,749,451,2,2
1893,2021012700010005077,0001,2021-01-27 08:29:21.884,2,3468,2741,442,0,0
1894,2021012700010005075,0001,2021-01-27 08:29:22.899,2,4349,669,461,3,3
1895,2021012700010005077,0001,2021-01-27 08:29:22.899,2,5169,2529,503,1,1
1896,2021012700010005075,0001,2021-01-27 08:29:23.914,2,3123,593,444,3,3
1897,2021012700010005077,0001,2021-01-27 08:29:23.914,2,6703,2386,455,1,1
1898,2021012700010005082,0001,2021-01-27 08:29:23.914,2,7003,2550,611,0,0
1899,2021012700010005075,0001,2021-01-27 08:29:24.93,2,1824,674,449,3,3
1900,2021012700010005077,0001,2021-01-27 08:29:24.93,2,7054,2323,404,2,2
1901,2021012700010005082,0001,2021-01-27 08:29:24.93,2,8703,2446,506,0,0
1902,2021012700010005075,0001,2021-01-27 08:29:25.945,2,410,827,437,4,4
1903,2021012700010005077,0001,2021-01-27 08:29:25.945,2,7054,2323,404,2,2
1904,2021012700010005082,0001,2021-01-27 08:29:25.945,2,10306,2274,511,0,0
1905,2021012700010005077,0001,2021-01-27 08:29:26.946,2,7054,2323,404,2,2
1906,2021012700010005081,0001,2021-01-27 08:29:26.946,2,1453,2752,399,0,0
1907,2021012700010005082,0001,2021-01-27 08:29:26.946,2,11762,2099,619,1,1
1908,2021012700010005081,0001,2021-01-27 08:29:27.962,2,2922,2452,549,0,0
1909,2021012700010005082,0001,2021-01-27 08:29:27.962,2,13440,2061,530,1,1
1910,2021012700010005081,0001,2021-01-27 08:29:28.977,2,3951,2351,402,1,1
1911,2021012700010005086,0001,2021-01-27 08:29:28.977,2,4594,2307,542,0,0
1912,2021012700010005081,0001,2021-01-27 08:29:29.993,2,3951,2351,402,1,1
1913,2021012700010005086,0001,2021-01-27 08:29:29.993,2,6288,2275,513,0,0
1914,2021012700010005081,0001,2021-01-27 08:29:31.008,2,3951,2351,402,1,1
1915,2021012700010005086,0001,2021-01-27 08:29:31.008,2,7947,2262,627,0,0
1916,2021012700010005086,0001,2021-01-27 08:29:32.023,2,9571,2231,643,1,1
1917,2021012700010005086,0001,2021-01-27 08:29:33.039,2,11282,2269,653,1,1
1918,2021012700010005086,0001,2021-01-27 08:29:34.054,2,11461,2228,614,1,1
1919,2021012700010005086,0001,2021-01-27 08:29:36.085,1,11461,2228,614,2,2
1920,2021012700010005091,0001,2021-01-27 08:29:36.085,1,2557,3361,518,0,0
1921,2021012700010005086,0001,2021-01-27 08:29:37.1,1,11461,2228,614,2,2
1922,2021012700010005091,0001,2021-01-27 08:29:37.1,1,3818,3300,526,0,0
1923,2021012700010005086,0001,2021-01-27 08:29:38.116,1,11461,2228,614,2,2
1924,2021012700010005091,0001,2021-01-27 08:29:38.116,1,5231,3250,525,1,1
1925,2021012700010005096,0001,2021-01-27 08:29:38.116,1,1225,3662,491,0,0
1926,2021012700010005091,0001,2021-01-27 08:29:39.131,1,6702,3116,756,1,1
1927,2021012700010005096,0001,2021-01-27 08:29:39.131,1,2285,3564,448,0,0
1928,2021012700010005091,0001,2021-01-27 08:29:40.146,1,7895,3031,517,1,1
1929,2021012700010005096,0001,2021-01-27 08:29:40.146,1,3838,3401,456,0,0
1930,2021012700010005091,0001,2021-01-27 08:29:41.162,1,8174,2973,540,1,1
1931,2021012700010005096,0001,2021-01-27 08:29:41.162,1,4021,3394,433,0,0
1932,2021012700010005091,0001,2021-01-27 08:29:42.163,2,8174,2973,540,2,2
1933,2021012700010005096,0001,2021-01-27 08:29:42.163,2,4021,3394,433,1,1
1934,2021012700010005100,0001,2021-01-27 08:29:42.163,2,10653,3003,584,0,0
1935,2021012700010005101,0001,2021-01-27 08:29:42.163,2,6286,3152,410,0,0
1936,2021012700010005091,0001,2021-01-27 08:29:43.179,2,8174,2973,540,2,2
1937,2021012700010005100,0001,2021-01-27 08:29:43.179,2,12161,3061,619,0,0
1938,2021012700010005101,0001,2021-01-27 08:29:43.179,2,7629,3083,447,0,0
1939,2021012700010005091,0001,2021-01-27 08:29:44.194,2,8860,3008,410,3,3
1940,2021012700010005100,0001,2021-01-27 08:29:44.194,2,13510,3119,606,1,1
1941,2021012700010005101,0001,2021-01-27 08:29:44.194,2,8034,3065,421,1,1
1942,2021012700010005091,0001,2021-01-27 08:29:45.209,2,10408,2986,524,3,3
1943,2021012700010005101,0001,2021-01-27 08:29:45.209,2,8034,3065,421,1,1
1944,2021012700010005091,0001,2021-01-27 08:29:46.225,2,11641,2943,589,3,3
1945,2021012700010005105,0001,2021-01-27 08:29:46.225,2,1247,1694,499,0,0
1946,2021012700010005091,0001,2021-01-27 08:29:47.24,2,12976,2908,406,4,4
1947,2021012700010005105,0001,2021-01-27 08:29:47.24,2,2813,1605,585,0,0
1948,2021012700010005091,0001,2021-01-27 08:29:48.255,2,14172,2732,484,4,4
1949,2021012700010005105,0001,2021-01-27 08:29:48.255,2,4299,1476,556,1,1
1950,2021012700010005105,0001,2021-01-27 08:29:49.271,2,6031,1495,572,1,1
1951,2021012700010005109,0001,2021-01-27 08:29:49.271,2,1053,2858,672,0,0
1952,2021012700010005105,0001,2021-01-27 08:29:50.286,2,7613,1552,577,1,1
1953,2021012700010005109,0001,2021-01-27 08:29:50.286,2,2356,2746,648,0,0
1954,2021012700010005105,0001,2021-01-27 08:29:51.302,2,9221,1546,609,2,2
1955,2021012700010005109,0001,2021-01-27 08:29:51.302,2,3573,2612,683,1,1
1956,2021012700010005111,0001,2021-01-27 08:29:51.302,2,1208,3538,531,0,0
1957,2021012700010005105,0001,2021-01-27 08:29:52.317,2,10736,1534,546,2,2
1958,2021012700010005109,0001,2021-01-27 08:29:52.317,2,4827,2518,688,1,1
1959,2021012700010005111,0001,2021-01-27 08:29:52.317,2,2381,3193,430,0,0
1960,2021012700010005105,0001,2021-01-27 08:29:53.332,2,12271,1535,610,3,3
1961,2021012700010005109,0001,2021-01-27 08:29:53.332,2,6130,2432,668,1,1
1962,2021012700010005111,0001,2021-01-27 08:29:53.332,2,3651,3109,536,1,1
1963,2021012700010005105,0001,2021-01-27 08:29:54.348,2,13883,1581,610,3,3
1964,2021012700010005109,0001,2021-01-27 08:29:54.348,2,7477,2379,672,2,2
1965,2021012700010005111,0001,2021-01-27 08:29:54.348,2,4983,2936,505,1,1
1966,2021012700010005107,0001,2021-01-27 08:29:55.363,2,13782,4133,386,0,0
1967,2021012700010005109,0001,2021-01-27 08:29:55.363,2,8795,2358,644,2,2
1968,2021012700010005111,0001,2021-01-27 08:29:55.363,2,6280,2797,482,1,1
1969,2021012700010005107,0001,2021-01-27 08:29:56.379,2,12466,4022,526,0,0
1970,2021012700010005109,0001,2021-01-27 08:29:56.379,2,10083,2328,637,3,3
1971,2021012700010005111,0001,2021-01-27 08:29:56.379,2,7595,2710,541,2,2
1972,2021012700010005107,0001,2021-01-27 08:29:57.392,2,11112,4157,546,1,1
1973,2021012700010005109,0001,2021-01-27 08:29:57.392,2,11618,2270,654,3,3
1974,2021012700010005111,0001,2021-01-27 08:29:57.392,2,9041,2594,591,2,2
1975,2021012700010005117,0001,2021-01-27 08:29:57.392,2,13955,4047,588,0,0
1976,2021012700010005107,0001,2021-01-27 08:29:58.407,2,10002,4326,585,1,1
1977,2021012700010005109,0001,2021-01-27 08:29:58.407,2,12879,2235,660,3,3
1978,2021012700010005111,0001,2021-01-27 08:29:58.407,2,10255,2510,561,3,3
1979,2021012700010005117,0001,2021-01-27 08:29:58.407,2,12671,4045,542,0,0
1980,2021012700010005107,0001,2021-01-27 08:29:59.423,2,8813,4543,599,1,1
1981,2021012700010005109,0001,2021-01-27 08:29:59.423,2,14198,2457,585,4,4
1982,2021012700010005111,0001,2021-01-27 08:29:59.423,2,11610,2467,518,3,3
1983,2021012700010005117,0001,2021-01-27 08:29:59.423,2,11319,4177,548,0,0
1984,2021012700010005121,0001,2021-01-27 08:29:59.423,2,1261,3305,445,0,0
1985,2021012700010005107,0001,2021-01-27 08:30:00.438,2,7567,4573,555,2,2
1986,2021012700010005111,0001,2021-01-27 08:30:00.438,2,12871,2407,514,4,4
1987,2021012700010005117,0001,2021-01-27 08:30:00.438,2,9928,4292,537,1,1
1988,2021012700010005121,0001,2021-01-27 08:30:00.438,2,2729,3101,622,0,0
1989,2021012700010005107,0001,2021-01-27 08:30:01.454,2,6619,4421,350,2,2
1990,2021012700010005117,0001,2021-01-27 08:30:01.454,2,8638,4263,555,1,1
1991,2021012700010005121,0001,2021-01-27 08:30:01.454,2,4114,2891,674,1,1
1992,2021012700010005107,0001,2021-01-27 08:30:02.469,2,5083,4523,539,3,3
1993,2021012700010005113,0001,2021-01-27 08:30:02.469,2,676,2437,551,0,0
1994,2021012700010005117,0001,2021-01-27 08:30:02.469,2,7228,4219,557,2,2
1995,2021012700010005121,0001,2021-01-27 08:30:02.469,2,5629,2705,653,1,1
1996,2021012700010005107,0001,2021-01-27 08:30:03.484,2,3848,4377,512,3,3
1997,2021012700010005113,0001,2021-01-27 08:30:03.484,2,1548,2473,564,0,0
1998,2021012700010005117,0001,2021-01-27 08:30:03.484,2,5889,4201,505,2,2
1999,2021012700010005121,0001,2021-01-27 08:30:03.484,2,7097,2533,638,1,1
2000,2021012700010005107,0001,2021-01-27 08:30:04.5,2,3831,4459,641,3,3
2001,2021012700010005113,0001,2021-01-27 08:30:04.5,2,2368,2534,552,1,1
2002,2021012700010005117,0001,2021-01-27 08:30:04.5,2,4549,4122,656,2,2
2003,2021012700010005121,0001,2021-01-27 08:30:04.5,2,8530,2446,620,2,2
2004,2021012700010005129,0001,2021-01-27 08:30:04.5,2,2678,4257,540,0,0
2005,2021012700010005107,0001,2021-01-27 08:30:05.515,2,3831,4459,641,4,4
2006,2021012700010005113,0001,2021-01-27 08:30:05.515,2,3235,2579,549,1,1
2007,2021012700010005117,0001,2021-01-27 08:30:05.515,2,3094,3908,544,3,3
2008,2021012700010005121,0001,2021-01-27 08:30:05.515,2,9973,2416,674,2,2
2009,2021012700010005129,0001,2021-01-27 08:30:05.515,2,1405,4118,378,0,0
2010,2021012700010005107,0001,2021-01-27 08:30:06.531,2,3831,4459,641,4,4
2011,2021012700010005113,0001,2021-01-27 08:30:06.531,2,4206,2789,590,1,1
2012,2021012700010005117,0001,2021-01-27 08:30:06.531,2,1735,3617,521,3,3
2013,2021012700010005121,0001,2021-01-27 08:30:06.531,2,11433,2325,611,3,3
2014,2021012700010005129,0001,2021-01-27 08:30:06.531,2,134,4008,456,0,0
2015,2021012700010005113,0001,2021-01-27 08:30:07.546,2,5010,2910,595,2,2
2016,2021012700010005117,0001,2021-01-27 08:30:07.546,2,479,3550,622,4,4
2017,2021012700010005121,0001,2021-01-27 08:30:07.546,2,12816,2288,626,3,3
2018,2021012700010005113,0001,2021-01-27 08:30:08.561,2,5891,3152,622,2,2
2019,2021012700010005121,0001,2021-01-27 08:30:08.561,2,14258,2257,630,3,3
2020,2021012700010005113,0001,2021-01-27 08:30:09.577,2,6786,3442,652,3,3
2021,2021012700010005113,0001,2021-01-27 08:30:10.592,2,7611,3653,635,3,3
2022,2021012700010005113,0001,2021-01-27 08:30:11.607,2,8458,3812,578,3,3
2023,2021012700010005113,0001,2021-01-27 08:30:12.609,2,9296,3848,542,4,4
2024,2021012700010005113,0001,2021-01-27 08:30:13.624,2,10211,3917,603,4,4
2025,2021012700010005113,0001,2021-01-27 08:30:14.64,2,11159,3920,652,5,5
2026,2021012700010005129,0001,2021-01-27 08:30:14.64,2,21,2710,467,0,0
2027,2021012700010005113,0001,2021-01-27 08:30:15.655,2,12091,3866,637,5,5
2028,2021012700010005129,0001,2021-01-27 08:30:15.655,2,1515,2551,499,0,0
2029,2021012700010005133,0001,2021-01-27 08:30:15.655,2,1077,4269,385,0,0
2030,2021012700010005138,0001,2021-01-27 08:30:15.655,2,12398,4015,401,0,0
2031,2021012700010005113,0001,2021-01-27 08:30:16.67,2,13038,3858,652,5,5
2032,2021012700010005129,0001,2021-01-27 08:30:16.67,2,2998,2579,557,0,0
2033,2021012700010005133,0001,2021-01-27 08:30:16.67,2,2315,4058,404,0,0
2034,2021012700010005139,0001,2021-01-27 08:30:16.67,2,13357,3806,479,0,0
2035,2021012700010005113,0001,2021-01-27 08:30:17.686,2,14012,3950,548,6,6
2036,2021012700010005129,0001,2021-01-27 08:30:17.686,2,4541,2530,568,1,1
2037,2021012700010005133,0001,2021-01-27 08:30:17.686,2,3489,3885,545,1,1
2038,2021012700010005129,0001,2021-01-27 08:30:18.701,2,6052,2475,572,1,1
2039,2021012700010005133,0001,2021-01-27 08:30:18.701,2,4690,3840,560,1,1
2040,2021012700010005137,0001,2021-01-27 08:30:18.701,2,115,2881,480,0,0
2041,2021012700010005129,0001,2021-01-27 08:30:19.717,2,7601,2451,523,2,2
2042,2021012700010005133,0001,2021-01-27 08:30:19.717,2,5980,3705,554,1,1
2043,2021012700010005137,0001,2021-01-27 08:30:19.717,2,1598,2971,501,0,0
2044,2021012700010005129,0001,2021-01-27 08:30:20.732,2,9023,2439,451,2,2
2045,2021012700010005133,0001,2021-01-27 08:30:20.732,2,7227,3528,535,2,2
2046,2021012700010005137,0001,2021-01-27 08:30:20.732,2,2903,2822,502,0,0
2047,2021012700010005129,0001,2021-01-27 08:30:21.747,2,10658,2484,452,2,2
2048,2021012700010005133,0001,2021-01-27 08:30:21.747,2,8560,3353,576,2,2
2049,2021012700010005137,0001,2021-01-27 08:30:21.747,2,4384,2822,509,1,1
2050,2021012700010005129,0001,2021-01-27 08:30:22.763,2,12138,2551,435,3,3
2051,2021012700010005133,0001,2021-01-27 08:30:22.763,2,9910,3174,562,3,3
2052,2021012700010005137,0001,2021-01-27 08:30:22.763,2,5902,2849,527,1,1
2053,2021012700010005129,0001,2021-01-27 08:30:23.778,2,13664,2458,516,3,3
2054,2021012700010005133,0001,2021-01-27 08:30:23.778,2,11162,3122,564,3,3
2055,2021012700010005137,0001,2021-01-27 08:30:23.778,2,7319,2847,555,2,2
2056,2021012700010005133,0001,2021-01-27 08:30:24.793,2,12407,3151,559,3,3
2057,2021012700010005137,0001,2021-01-27 08:30:24.793,2,8813,2886,547,2,2
2058,2021012700010005133,0001,2021-01-27 08:30:25.809,2,13813,3285,398,4,4
2059,2021012700010005137,0001,2021-01-27 08:30:25.809,2,10295,2904,568,2,2
2060,2021012700010005137,0001,2021-01-27 08:30:26.81,2,11750,2929,529,3,3
2061,2021012700010005137,0001,2021-01-27 08:30:27.826,2,13276,2972,495,3,3
2062,2021012700010005150,0001,2021-01-27 08:30:34.933,2,13461,1472,713,0,0
2063,2021012700010005150,0001,2021-01-27 08:30:35.949,2,11621,1582,719,0,0
2064,2021012700010005150,0001,2021-01-27 08:30:36.964,2,9931,1707,708,0,0
2065,2021012700010005150,0001,2021-01-27 08:30:37.98,2,8259,1834,684,1,1
2066,2021012700010005150,0001,2021-01-27 08:30:38.995,2,6492,2037,680,1,1
2067,2021012700010005150,0001,2021-01-27 08:30:40.01,2,4757,2279,665,2,2
2068,2021012700010005150,0001,2021-01-27 08:30:41.026,2,3046,2518,462,2,2
2069,2021012700010005150,0001,2021-01-27 08:30:42.027,2,1409,3028,417,3,3
2070,2021012700010005155,0001,2021-01-27 08:30:46.089,2,13295,1456,584,0,0
2071,2021012700010005155,0001,2021-01-27 08:30:47.104,2,11977,1311,631,0,0
2072,2021012700010005155,0001,2021-01-27 08:30:48.119,2,10611,1232,606,1,1
2073,2021012700010005155,0001,2021-01-27 08:30:49.135,2,9202,1232,610,1,1
2074,2021012700010005155,0001,2021-01-27 08:30:50.15,2,7825,1256,588,1,1
2075,2021012700010005155,0001,2021-01-27 08:30:51.166,2,6460,1240,603,2,2
2076,2021012700010005155,0001,2021-01-27 08:30:52.181,2,5058,1191,590,2,2
2077,2021012700010005155,0001,2021-01-27 08:30:53.196,2,3736,1203,601,3,3
2078,2021012700010005173,0001,2021-01-27 08:30:53.196,2,2200,2801,449,0,0
2079,2021012700010005155,0001,2021-01-27 08:30:54.212,2,2369,1211,619,3,3
2080,2021012700010005173,0001,2021-01-27 08:30:54.212,2,3554,2587,417,0,0
2081,2021012700010005155,0001,2021-01-27 08:30:55.227,2,1087,1259,649,3,3
2082,2021012700010005173,0001,2021-01-27 08:30:55.227,2,4983,2353,452,0,0
2083,2021012700010005173,0001,2021-01-27 08:30:56.243,2,6469,1979,484,1,1
2084,2021012700010005173,0001,2021-01-27 08:30:57.244,2,7903,1645,498,1,1
2085,2021012700010005173,0001,2021-01-27 08:30:58.259,2,9278,1471,512,2,2
2086,2021012700010005171,0001,2021-01-27 08:30:59.275,2,894,2472,620,0,0
2087,2021012700010005173,0001,2021-01-27 08:30:59.275,2,10766,1369,473,2,2
2088,2021012700010005171,0001,2021-01-27 08:31:00.29,2,2050,2372,690,0,0
2089,2021012700010005173,0001,2021-01-27 08:31:00.29,2,12200,1218,461,2,2
2090,2021012700010005171,0001,2021-01-27 08:31:01.305,2,3152,2355,708,1,1
2091,2021012700010005173,0001,2021-01-27 08:31:01.305,2,12930,1286,354,3,3
2092,2021012700010005171,0001,2021-01-27 08:31:02.321,2,4371,2331,717,1,1
2093,2021012700010005173,0001,2021-01-27 08:31:02.321,2,12930,1286,354,3,3
2094,2021012700010005171,0001,2021-01-27 08:31:03.336,2,5571,2312,703,1,1
2095,2021012700010005173,0001,2021-01-27 08:31:03.336,2,12930,1286,354,4,4
2096,2021012700010005171,0001,2021-01-27 08:31:04.352,2,6732,2271,723,2,2
2097,2021012700010005171,0001,2021-01-27 08:31:05.367,2,7943,2223,691,2,2
2098,2021012700010005178,0001,2021-01-27 08:31:05.367,2,562,4124,407,0,0
2099,2021012700010005171,0001,2021-01-27 08:31:06.382,2,9159,2114,738,3,3
2100,2021012700010005178,0001,2021-01-27 08:31:06.382,2,2084,3784,412,0,0
2101,2021012700010005171,0001,2021-01-27 08:31:07.398,2,10308,2166,690,3,3
2102,2021012700010005178,0001,2021-01-27 08:31:07.398,2,3607,3549,470,0,0
2103,2021012700010005171,0001,2021-01-27 08:31:08.413,2,11532,2162,665,3,3
2104,2021012700010005178,0001,2021-01-27 08:31:08.413,2,5151,3419,652,1,1
2105,2021012700010005171,0001,2021-01-27 08:31:09.428,2,12731,2101,621,4,4
2106,2021012700010005178,0001,2021-01-27 08:31:09.428,2,6689,3416,692,1,1
2107,2021012700010005171,0001,2021-01-27 08:31:10.428,2,13852,2193,612,4,4
2108,2021012700010005178,0001,2021-01-27 08:31:10.428,2,8200,3444,696,2,2
2109,2021012700010005178,0001,2021-01-27 08:31:11.444,2,9675,3406,652,2,2
2110,2021012700010005178,0001,2021-01-27 08:31:12.445,2,11209,3482,641,2,2
2111,2021012700010005178,0001,2021-01-27 08:31:13.461,2,12824,3530,723,3,3
2112,2021012700010005184,0001,2021-01-27 08:31:22.599,2,526,2801,570,0,0
2113,2021012700010005184,0001,2021-01-27 08:31:23.614,2,2084,2822,579,0,0
2114,2021012700010005184,0001,2021-01-27 08:31:24.63,2,3648,2614,717,0,0
2115,2021012700010005184,0001,2021-01-27 08:31:25.645,2,5159,2638,555,1,1
2116,2021012700010005184,0001,2021-01-27 08:31:26.66,2,6469,2713,491,1,1
2117,2021012700010005184,0001,2021-01-27 08:31:27.662,2,7822,2732,512,2,2
2118,2021012700010005188,0001,2021-01-27 08:31:27.662,2,8154,2798,479,0,0
2119,2021012700010005184,0001,2021-01-27 08:31:28.677,2,7910,2723,511,2,2
2120,2021012700010005188,0001,2021-01-27 08:31:28.677,2,9265,2656,504,0,0
2121,2021012700010005184,0001,2021-01-27 08:31:29.693,2,7910,2723,511,2,2
2122,2021012700010005188,0001,2021-01-27 08:31:29.693,2,10805,2544,486,0,0
2123,2021012700010005184,0001,2021-01-27 08:31:30.708,2,7910,2723,511,3,3
2124,2021012700010005187,0001,2021-01-27 08:31:30.708,2,63,3247,418,0,0
2125,2021012700010005188,0001,2021-01-27 08:31:30.708,2,12535,2574,537,1,1
2126,2021012700010005187,0001,2021-01-27 08:31:31.723,2,1633,3126,367,0,0
2127,2021012700010005188,0001,2021-01-27 08:31:31.723,2,14079,2665,557,1,1
2128,2021012700010005187,0001,2021-01-27 08:31:32.739,2,3093,2920,519,0,0
2129,2021012700010005187,0001,2021-01-27 08:31:33.754,2,4717,2898,566,1,1
2130,2021012700010005189,0001,2021-01-27 08:31:33.754,2,784,3408,552,0,0
2131,2021012700010005187,0001,2021-01-27 08:31:34.769,2,6137,2850,552,1,1
2132,2021012700010005189,0001,2021-01-27 08:31:34.769,2,2001,3260,536,0,0
2133,2021012700010005187,0001,2021-01-27 08:31:35.785,2,7747,2880,573,1,1
2134,2021012700010005189,0001,2021-01-27 08:31:35.785,2,3423,3220,534,0,0
2135,2021012700010005187,0001,2021-01-27 08:31:36.8,2,9358,2907,609,2,2
2136,2021012700010005189,0001,2021-01-27 08:31:36.8,2,4920,3225,566,1,1
2137,2021012700010005187,0001,2021-01-27 08:31:37.816,2,10825,2926,542,2,2
2138,2021012700010005189,0001,2021-01-27 08:31:37.816,2,6253,3114,560,1,1
2139,2021012700010005191,0001,2021-01-27 08:31:37.816,2,13816,781,398,0,0
2140,2021012700010005187,0001,2021-01-27 08:31:38.831,2,12357,2943,588,3,3
2141,2021012700010005189,0001,2021-01-27 08:31:38.831,2,7658,2995,552,2,2
2142,2021012700010005191,0001,2021-01-27 08:31:38.831,2,12090,687,545,0,0
2143,2021012700010005187,0001,2021-01-27 08:31:39.846,2,13947,2934,360,3,3
2144,2021012700010005189,0001,2021-01-27 08:31:39.846,2,9103,2781,519,2,2
2145,2021012700010005191,0001,2021-01-27 08:31:39.846,2,10373,568,611,0,0
2146,2021012700010005189,0001,2021-01-27 08:31:40.862,2,10512,2692,527,3,3
2147,2021012700010005191,0001,2021-01-27 08:31:40.862,2,8811,597,585,1,1
2148,2021012700010005189,0001,2021-01-27 08:31:41.863,2,11900,2692,534,3,3
2149,2021012700010005191,0001,2021-01-27 08:31:41.863,2,7255,650,604,1,1
2150,2021012700010005189,0001,2021-01-27 08:31:42.879,2,13160,2704,526,3,3
2151,2021012700010005191,0001,2021-01-27 08:31:42.879,2,5730,550,653,2,2
2152,2021012700010005191,0001,2021-01-27 08:31:43.894,2,3987,475,638,2,2
2153,2021012700010005194,0001,2021-01-27 08:31:43.894,2,817,3277,531,0,0
2154,2021012700010005191,0001,2021-01-27 08:31:44.909,2,2418,577,673,2,2
2155,2021012700010005194,0001,2021-01-27 08:31:44.909,2,2081,3186,560,0,0
2156,2021012700010005191,0001,2021-01-27 08:31:45.925,2,852,804,381,3,3
2157,2021012700010005194,0001,2021-01-27 08:31:45.925,2,3570,3210,617,0,0
2158,2021012700010005194,0001,2021-01-27 08:31:46.94,2,4785,3107,548,1,1
2159,2021012700010005194,0001,2021-01-27 08:31:47.955,2,6264,3158,554,1,1
2160,2021012700010005194,0001,2021-01-27 08:31:48.971,2,7553,3164,520,2,2
2161,2021012700010005194,0001,2021-01-27 08:31:49.986,2,9109,3272,608,2,2
2162,2021012700010005196,0001,2021-01-27 08:31:49.986,2,679,4166,517,0,0
2163,2021012700010005194,0001,2021-01-27 08:31:51.001,2,10562,3280,583,3,3
2164,2021012700010005196,0001,2021-01-27 08:31:51.001,2,2096,4056,515,0,0
2165,2021012700010005194,0001,2021-01-27 08:31:52.017,2,11875,3293,645,3,3
2166,2021012700010005196,0001,2021-01-27 08:31:52.017,2,3474,3930,512,0,0
2167,2021012700010005194,0001,2021-01-27 08:31:53.032,2,13237,3139,556,3,3
2168,2021012700010005196,0001,2021-01-27 08:31:53.032,2,4876,3845,542,1,1
2169,2021012700010005198,0001,2021-01-27 08:31:53.032,2,526,2134,584,0,0
2170,2021012700010005196,0001,2021-01-27 08:31:54.048,2,6371,3828,518,1,1
2171,2021012700010005198,0001,2021-01-27 08:31:54.048,2,1911,2001,523,0,0
2172,2021012700010005196,0001,2021-01-27 08:31:55.063,2,7538,3776,440,2,2
2173,2021012700010005198,0001,2021-01-27 08:31:55.063,2,3235,1834,529,0,0
2174,2021012700010005202,0001,2021-01-27 08:31:55.063,2,8009,3929,589,0,0
2175,2021012700010005196,0001,2021-01-27 08:31:56.079,2,7538,3776,440,2,2
2176,2021012700010005198,0001,2021-01-27 08:31:56.079,2,4606,1720,520,1,1
2177,2021012700010005202,0001,2021-01-27 08:31:56.079,2,9359,4025,636,0,0
2178,2021012700010005196,0001,2021-01-27 08:31:57.08,2,7538,3776,440,3,3
2179,2021012700010005198,0001,2021-01-27 08:31:57.08,2,6167,1713,576,1,1
2180,2021012700010005202,0001,2021-01-27 08:31:57.08,2,10849,4054,516,0,0
2181,2021012700010005198,0001,2021-01-27 08:31:58.095,2,7469,1725,539,2,2
2182,2021012700010005202,0001,2021-01-27 08:31:58.095,2,12468,4023,602,1,1
2183,2021012700010005198,0001,2021-01-27 08:31:59.111,2,8845,1780,515,2,2
2184,2021012700010005202,0001,2021-01-27 08:31:59.111,2,13843,3968,472,1,1
2185,2021012700010005198,0001,2021-01-27 08:32:00.126,2,10170,1745,473,2,2
2186,2021012700010005198,0001,2021-01-27 08:32:01.142,2,11817,1763,552,3,3
2187,2021012700010005198,0001,2021-01-27 08:32:02.157,2,13194,1680,570,3,3
2188,2021012700010005200,0001,2021-01-27 08:32:02.157,2,1085,4205,727,0,0
2189,2021012700010005200,0001,2021-01-27 08:32:03.172,2,2247,4167,660,0,0
2190,2021012700010005200,0001,2021-01-27 08:32:04.187,2,3490,3952,622,1,1
2191,2021012700010005207,0001,2021-01-27 08:32:04.187,2,180,4096,589,0,0
2192,2021012700010005200,0001,2021-01-27 08:32:05.203,2,4837,3954,605,1,1
2193,2021012700010005207,0001,2021-01-27 08:32:05.203,2,1550,3510,402,0,0
2194,2021012700010005200,0001,2021-01-27 08:32:06.219,2,6141,3855,601,1,1
2195,2021012700010005207,0001,2021-01-27 08:32:06.219,2,2928,3177,482,0,0
2196,2021012700010005200,0001,2021-01-27 08:32:07.234,2,7458,3799,585,2,2
2197,2021012700010005207,0001,2021-01-27 08:32:07.234,2,4507,3135,601,1,1
2198,2021012700010005200,0001,2021-01-27 08:32:08.249,2,8850,3778,548,2,2
2199,2021012700010005207,0001,2021-01-27 08:32:08.249,2,6075,3136,679,1,1
2200,2021012700010005200,0001,2021-01-27 08:32:09.265,2,10368,3843,652,3,3
2201,2021012700010005207,0001,2021-01-27 08:32:09.265,2,7556,3193,658,2,2
2202,2021012700010005200,0001,2021-01-27 08:32:10.28,2,11495,3795,658,3,3
2203,2021012700010005207,0001,2021-01-27 08:32:10.28,2,9034,3225,675,2,2
2204,2021012700010005200,0001,2021-01-27 08:32:11.295,2,12941,3911,562,3,3
2205,2021012700010005207,0001,2021-01-27 08:32:11.295,2,10529,3197,676,2,2
2206,2021012700010005207,0001,2021-01-27 08:32:12.305,2,12081,3071,697,3,3
2207,2021012700010005207,0001,2021-01-27 08:32:13.32,2,13582,2951,652,3,3
2208,2021012700010005210,0001,2021-01-27 08:32:13.32,2,804,3814,499,0,0
2209,2021012700010005210,0001,2021-01-27 08:32:14.336,2,1748,3526,567,0,0
2210,2021012700010005210,0001,2021-01-27 08:32:15.351,2,3135,3481,409,1,1
2211,2021012700010005210,0001,2021-01-27 08:32:16.366,2,4256,3461,408,1,1
2212,2021012700010005210,0001,2021-01-27 08:32:17.382,2,5574,3751,468,1,1
2213,2021012700010005210,0001,2021-01-27 08:32:18.397,2,6630,3656,429,2,2
2214,2021012700010005210,0001,2021-01-27 08:32:19.412,2,7762,3598,412,2,2
2215,2021012700010005210,0001,2021-01-27 08:32:20.428,2,9045,3692,538,3,3
2216,2021012700010005210,0001,2021-01-27 08:32:21.443,2,10249,3738,443,3,3
2217,2021012700010005210,0001,2021-01-27 08:32:22.459,2,11391,3854,468,3,3
2218,2021012700010005210,0001,2021-01-27 08:32:23.474,2,12588,3872,457,4,4
2219,2021012700010005210,0001,2021-01-27 08:32:24.489,2,13736,3824,575,4,4
2220,2021012700010005245,0001,2021-01-27 08:32:54.923,2,13346,1786,647,0,0
2221,2021012700010005245,0001,2021-01-27 08:32:55.938,2,11900,1836,719,0,0
2222,2021012700010005245,0001,2021-01-27 08:32:56.94,2,10490,1830,697,1,1
2223,2021012700010005245,0001,2021-01-27 08:32:57.955,2,9072,1787,656,1,1
2224,2021012700010005245,0001,2021-01-27 08:32:58.97,2,7603,1703,646,1,1
2225,2021012700010005245,0001,2021-01-27 08:32:59.986,2,6235,1626,647,2,2
2226,2021012700010005255,0001,2021-01-27 08:32:59.986,2,514,2924,373,0,0
2227,2021012700010005245,0001,2021-01-27 08:33:01.001,2,4835,1538,647,2,2
2228,2021012700010005255,0001,2021-01-27 08:33:01.001,2,1630,2930,400,0,0
2229,2021012700010005245,0001,2021-01-27 08:33:02.016,2,3338,1668,649,3,3
2230,2021012700010005255,0001,2021-01-27 08:33:02.016,2,3254,2975,482,0,0
2231,2021012700010005245,0001,2021-01-27 08:33:03.032,2,1955,1875,482,3,3
2232,2021012700010005255,0001,2021-01-27 08:33:03.032,2,4791,3027,527,1,1
2233,2021012700010005245,0001,2021-01-27 08:33:04.047,2,559,1993,405,3,3
2234,2021012700010005255,0001,2021-01-27 08:33:04.047,2,6268,3110,536,1,1
2235,2021012700010005255,0001,2021-01-27 08:33:05.063,2,7979,3121,644,2,2
2236,2021012700010005256,0001,2021-01-27 08:33:05.063,2,345,3362,369,0,0
2237,2021012700010005255,0001,2021-01-27 08:33:06.078,2,9309,3071,535,2,2
2238,2021012700010005256,0001,2021-01-27 08:33:06.078,2,1734,3411,418,0,0
2239,2021012700010005255,0001,2021-01-27 08:33:07.093,2,10814,3024,538,2,2
2240,2021012700010005256,0001,2021-01-27 08:33:07.093,2,3022,3386,625,0,0
2241,2021012700010005255,0001,2021-01-27 08:33:08.109,2,12421,2980,489,3,3
2242,2021012700010005256,0001,2021-01-27 08:33:08.109,2,4481,3355,640,1,1
2243,2021012700010005255,0001,2021-01-27 08:33:09.124,2,14074,2861,642,3,3
2244,2021012700010005256,0001,2021-01-27 08:33:09.124,2,5947,3387,663,1,1
2245,2021012700010005261,0001,2021-01-27 08:33:09.124,2,14259,2547,371,0,0
2246,2021012700010005256,0001,2021-01-27 08:33:10.14,2,6375,3303,485,2,2
2247,2021012700010005263,0001,2021-01-27 08:33:10.14,2,7324,3379,646,0,0
2248,2021012700010005256,0001,2021-01-27 08:33:11.155,2,6375,3303,485,2,2
2249,2021012700010005263,0001,2021-01-27 08:33:11.155,2,8690,3357,691,0,0
2250,2021012700010005256,0001,2021-01-27 08:33:12.156,2,6375,3303,485,2,2
2251,2021012700010005259,0001,2021-01-27 08:33:12.156,2,1159,4179,531,0,0
2252,2021012700010005263,0001,2021-01-27 08:33:12.156,2,10096,3329,649,1,1
2253,2021012700010005259,0001,2021-01-27 08:33:13.172,2,2421,3985,573,0,0
2254,2021012700010005263,0001,2021-01-27 08:33:13.172,2,11470,3289,628,1,1
2255,2021012700010005259,0001,2021-01-27 08:33:14.187,2,3172,3980,603,0,0
2256,2021012700010005263,0001,2021-01-27 08:33:14.187,2,12341,3269,608,1,1
2257,2021012700010005259,0001,2021-01-27 08:33:16.218,1,3172,3980,603,1,1
2258,2021012700010005263,0001,2021-01-27 08:33:16.218,1,12341,3269,608,1,1
2259,2021012700010005266,0001,2021-01-27 08:33:16.218,1,6767,3771,578,0,0
2260,2021012700010005267,0001,2021-01-27 08:33:16.218,1,2994,2436,572,0,0
2261,2021012700010005259,0001,2021-01-27 08:33:17.233,1,3172,3980,603,1,1
2262,2021012700010005263,0001,2021-01-27 08:33:17.233,1,12341,3269,608,2,2
2263,2021012700010005266,0001,2021-01-27 08:33:17.233,1,8076,3702,427,0,0
2264,2021012700010005267,0001,2021-01-27 08:33:17.233,1,4384,2325,584,0,0
2265,2021012700010005259,0001,2021-01-27 08:33:18.248,1,3172,3980,603,1,1
2266,2021012700010005263,0001,2021-01-27 08:33:18.248,1,12341,3269,608,2,2
2267,2021012700010005266,0001,2021-01-27 08:33:18.248,1,8076,3702,427,0,0
2268,2021012700010005267,0001,2021-01-27 08:33:18.248,1,5897,2252,598,0,0
2269,2021012700010005267,0001,2021-01-27 08:33:19.264,1,7268,2206,576,1,1
2270,2021012700010005268,0001,2021-01-27 08:33:19.264,1,546,3330,399,0,0
2271,2021012700010005267,0001,2021-01-27 08:33:20.279,1,8669,2162,550,1,1
2272,2021012700010005268,0001,2021-01-27 08:33:20.279,1,729,3290,353,0,0
2273,2021012700010005269,0001,2021-01-27 08:33:20.279,1,12423,4035,583,0,0
2274,2021012700010005270,0001,2021-01-27 08:33:20.279,1,1965,3179,543,0,0
2275,2021012700010005267,0001,2021-01-27 08:33:21.295,1,9395,2105,559,1,1
2276,2021012700010005268,0001,2021-01-27 08:33:21.295,1,729,3290,353,0,0
2277,2021012700010005269,0001,2021-01-27 08:33:21.295,1,13043,4048,609,0,0
2278,2021012700010005270,0001,2021-01-27 08:33:21.295,1,2726,3164,553,0,0
2279,2021012700010005267,0001,2021-01-27 08:33:22.31,2,9395,2105,559,2,2
2280,2021012700010005268,0001,2021-01-27 08:33:22.31,2,729,3290,353,0,0
2281,2021012700010005269,0001,2021-01-27 08:33:22.31,2,13043,4048,609,0,0
2282,2021012700010005271,0001,2021-01-27 08:33:22.31,2,11582,2016,566,0,0
2283,2021012700010005272,0001,2021-01-27 08:33:22.31,2,4926,3054,525,0,0
2284,2021012700010005267,0001,2021-01-27 08:33:23.325,2,9395,2105,559,2,2
2285,2021012700010005271,0001,2021-01-27 08:33:23.325,2,13190,1966,482,0,0
2286,2021012700010005272,0001,2021-01-27 08:33:23.325,2,6502,3087,512,0,0
2287,2021012700010005267,0001,2021-01-27 08:33:24.341,2,9395,2105,559,3,3
2288,2021012700010005272,0001,2021-01-27 08:33:24.341,2,7952,3194,513,1,1
2289,2021012700010005272,0001,2021-01-27 08:33:25.356,2,9415,3405,508,1,1
2290,2021012700010005272,0001,2021-01-27 08:33:26.372,2,10866,3619,599,1,1
2291,2021012700010005272,0001,2021-01-27 08:33:27.373,2,12327,3727,598,2,2
2292,2021012700010005272,0001,2021-01-27 08:33:28.388,2,13914,3752,364,2,2
2293,2021012700010005276,0001,2021-01-27 08:33:28.388,2,512,2204,453,0,0
2294,2021012700010005276,0001,2021-01-27 08:33:29.404,2,1845,2286,552,0,0
2295,2021012700010005276,0001,2021-01-27 08:33:30.419,2,3058,2287,571,0,0
2296,2021012700010005276,0001,2021-01-27 08:33:31.434,2,4334,2364,583,1,1
2297,2021012700010005276,0001,2021-01-27 08:33:32.45,2,5522,2386,551,1,1
2298,2021012700010005276,0001,2021-01-27 08:33:33.465,2,6764,2461,566,2,2
2299,2021012700010005276,0001,2021-01-27 08:33:34.481,2,7902,2585,547,2,2
2300,2021012700010005276,0001,2021-01-27 08:33:35.496,2,9175,2738,544,3,3
2301,2021012700010005279,0001,2021-01-27 08:33:35.496,2,769,3430,478,0,0
2302,2021012700010005276,0001,2021-01-27 08:33:36.511,2,10449,2701,568,3,3
2303,2021012700010005279,0001,2021-01-27 08:33:36.511,2,2145,3480,450,0,0
2304,2021012700010005280,0001,2021-01-27 08:33:36.511,2,14064,1355,632,0,0
2305,2021012700010005276,0001,2021-01-27 08:33:37.527,2,11600,2761,644,3,3
2306,2021012700010005279,0001,2021-01-27 08:33:37.527,2,3385,3419,481,0,0
2307,2021012700010005280,0001,2021-01-27 08:33:37.527,2,12299,1348,562,0,0
2308,2021012700010005276,0001,2021-01-27 08:33:38.542,2,13081,2701,694,4,4
2309,2021012700010005279,0001,2021-01-27 08:33:38.542,2,4860,3482,443,1,1
2310,2021012700010005280,0001,2021-01-27 08:33:38.542,2,10390,1324,672,0,0
2311,2021012700010005287,0001,2021-01-27 08:33:38.542,2,1496,2160,529,0,0
2312,2021012700010005289,0001,2021-01-27 08:33:38.542,2,2374,2287,721,0,0
2313,2021012700010005279,0001,2021-01-27 08:33:39.558,2,6292,3620,655,1,1
2314,2021012700010005280,0001,2021-01-27 08:33:39.558,2,8578,1362,637,1,1
2315,2021012700010005285,0001,2021-01-27 08:33:39.558,2,487,3760,519,0,0
2316,2021012700010005287,0001,2021-01-27 08:33:39.558,2,1496,2160,529,0,0
2317,2021012700010005291,0001,2021-01-27 08:33:39.558,2,5727,2380,710,0,0
2318,2021012700010005279,0001,2021-01-27 08:33:40.573,2,7651,3632,651,2,2
2319,2021012700010005280,0001,2021-01-27 08:33:40.573,2,6714,1417,624,1,1
2320,2021012700010005285,0001,2021-01-27 08:33:40.573,2,1733,3861,549,0,0
2321,2021012700010005291,0001,2021-01-27 08:33:40.573,2,8697,2494,556,0,0
2322,2021012700010005293,0001,2021-01-27 08:33:40.573,2,9122,2470,753,0,0
2323,2021012700010005279,0001,2021-01-27 08:33:41.588,2,9240,3532,640,2,2
2324,2021012700010005280,0001,2021-01-27 08:33:41.588,2,4730,1523,644,2,2
2325,2021012700010005285,0001,2021-01-27 08:33:41.588,2,2959,3873,545,0,0
2326,2021012700010005291,0001,2021-01-27 08:33:41.588,2,12395,2357,728,1,1
2327,2021012700010005279,0001,2021-01-27 08:33:42.589,2,10514,3466,676,3,3
2328,2021012700010005280,0001,2021-01-27 08:33:42.589,2,2863,1612,648,2,2
2329,2021012700010005285,0001,2021-01-27 08:33:42.589,2,4148,3921,577,1,1
2330,2021012700010005279,0001,2021-01-27 08:33:43.605,2,11893,3382,701,3,3
2331,2021012700010005280,0001,2021-01-27 08:33:43.605,2,998,1672,440,2,2
2332,2021012700010005285,0001,2021-01-27 08:33:43.605,2,5294,3915,554,1,1
2333,2021012700010005279,0001,2021-01-27 08:33:44.62,2,13339,3357,660,3,3
2334,2021012700010005285,0001,2021-01-27 08:33:44.62,2,6552,3930,542,2,2
2335,2021012700010005285,0001,2021-01-27 08:33:45.636,2,7719,3980,549,2,2
2336,2021012700010005285,0001,2021-01-27 08:33:46.651,2,8971,4009,542,3,3
2337,2021012700010005285,0001,2021-01-27 08:33:47.667,2,10164,4035,558,3,3
2338,2021012700010005285,0001,2021-01-27 08:33:48.682,2,11331,4019,550,3,3
2339,2021012700010005285,0001,2021-01-27 08:33:49.697,2,12559,3975,541,4,4
2340,2021012700010005285,0001,2021-01-27 08:33:50.713,2,13776,3986,428,4,4
2341,2021012700010005295,0001,2021-01-27 08:33:50.713,2,620,4033,499,0,0
2342,2021012700010005295,0001,2021-01-27 08:33:51.728,2,2114,3739,488,0,0
2343,2021012700010005295,0001,2021-01-27 08:33:52.744,2,3523,3365,523,0,0
2344,2021012700010005299,0001,2021-01-27 08:33:52.744,2,855,2899,401,0,0
2345,2021012700010005295,0001,2021-01-27 08:33:53.759,2,5114,3181,556,1,1
2346,2021012700010005299,0001,2021-01-27 08:33:53.759,2,2142,2900,586,0,0
2347,2021012700010005295,0001,2021-01-27 08:33:54.774,2,6589,3091,542,1,1
2348,2021012700010005299,0001,2021-01-27 08:33:54.774,2,3165,2583,509,1,1
2349,2021012700010005305,0001,2021-01-27 08:33:54.774,2,541,4023,591,0,0
2350,2021012700010005295,0001,2021-01-27 08:33:55.79,2,8147,3025,569,2,2
2351,2021012700010005299,0001,2021-01-27 08:33:55.79,2,4295,2562,574,1,1
2352,2021012700010005305,0001,2021-01-27 08:33:55.79,2,2097,3863,630,0,0
2353,2021012700010005308,0001,2021-01-27 08:33:55.79,2,4568,2718,545,0,0
2354,2021012700010005295,0001,2021-01-27 08:33:56.791,2,9714,3014,628,2,2
2355,2021012700010005299,0001,2021-01-27 08:33:56.791,2,4364,2537,538,1,1
2356,2021012700010005305,0001,2021-01-27 08:33:56.791,2,3566,3651,580,0,0
2357,2021012700010005308,0001,2021-01-27 08:33:56.791,2,5478,2534,663,0,0
2358,2021012700010005295,0001,2021-01-27 08:33:57.806,2,11331,3088,619,3,3
2359,2021012700010005299,0001,2021-01-27 08:33:57.806,2,4364,2537,538,2,2
2360,2021012700010005305,0001,2021-01-27 08:33:57.806,2,5174,3757,616,1,1
2361,2021012700010005307,0001,2021-01-27 08:33:57.806,2,1124,2539,547,0,0
2362,2021012700010005308,0001,2021-01-27 08:33:57.806,2,6713,2552,734,0,0
2363,2021012700010005295,0001,2021-01-27 08:33:58.822,2,12936,3074,646,3,3
2364,2021012700010005299,0001,2021-01-27 08:33:58.822,2,4364,2537,538,2,2
2365,2021012700010005305,0001,2021-01-27 08:33:58.822,2,6682,3915,644,1,1
2366,2021012700010005307,0001,2021-01-27 08:33:58.822,2,2544,2439,500,0,0
2367,2021012700010005308,0001,2021-01-27 08:33:58.822,2,6892,2460,567,1,1
2368,2021012700010005310,0001,2021-01-27 08:33:58.822,2,7858,2520,763,0,0
2369,2021012700010005305,0001,2021-01-27 08:33:59.837,2,8132,3987,671,2,2
2370,2021012700010005307,0001,2021-01-27 08:33:59.837,2,4081,2508,589,1,1
2371,2021012700010005308,0001,2021-01-27 08:33:59.837,2,6892,2460,567,1,1
2372,2021012700010005309,0001,2021-01-27 08:33:59.837,2,23,3623,585,0,0
2373,2021012700010005310,0001,2021-01-27 08:33:59.837,2,8968,2320,503,0,0
2374,2021012700010005305,0001,2021-01-27 08:34:00.853,2,9733,3919,693,2,2
2375,2021012700010005307,0001,2021-01-27 08:34:00.853,2,5665,2512,598,1,1
2376,2021012700010005309,0001,2021-01-27 08:34:00.853,2,1618,3640,573,0,0
2377,2021012700010005310,0001,2021-01-27 08:34:00.853,2,10158,2182,502,1,1
2378,2021012700010005305,0001,2021-01-27 08:34:01.868,2,11170,3787,675,2,2
2379,2021012700010005307,0001,2021-01-27 08:34:01.868,2,7104,2500,569,1,1
2380,2021012700010005309,0001,2021-01-27 08:34:01.868,2,3078,3617,480,0,0
2381,2021012700010005310,0001,2021-01-27 08:34:01.868,2,11286,2119,664,1,1
2382,2021012700010005305,0001,2021-01-27 08:34:02.883,2,12519,3666,618,3,3
2383,2021012700010005307,0001,2021-01-27 08:34:02.883,2,8597,2507,558,2,2
2384,2021012700010005309,0001,2021-01-27 08:34:02.883,2,4644,3727,468,1,1
2385,2021012700010005310,0001,2021-01-27 08:34:02.883,2,12507,2067,642,1,1
2386,2021012700010005305,0001,2021-01-27 08:34:03.899,2,14074,3688,533,3,3
2387,2021012700010005307,0001,2021-01-27 08:34:03.899,2,10138,2529,562,2,2
2388,2021012700010005309,0001,2021-01-27 08:34:03.899,2,6381,3957,729,1,1
2389,2021012700010005310,0001,2021-01-27 08:34:03.899,2,13749,2026,690,2,2
2390,2021012700010005307,0001,2021-01-27 08:34:04.914,2,11427,2376,514,3,3
2391,2021012700010005309,0001,2021-01-27 08:34:04.914,2,7823,3990,720,2,2
2392,2021012700010005307,0001,2021-01-27 08:34:05.93,2,13024,2241,574,3,3
2393,2021012700010005309,0001,2021-01-27 08:34:05.93,2,8476,3794,461,2,2
2394,2021012700010005311,0001,2021-01-27 08:34:05.93,2,9420,3978,709,0,0
2395,2021012700010005309,0001,2021-01-27 08:34:06.945,2,8476,3794,461,2,2
2396,2021012700010005311,0001,2021-01-27 08:34:06.945,2,10943,3905,784,0,0
2397,2021012700010005309,0001,2021-01-27 08:34:07.96,2,8476,3794,461,3,3
2398,2021012700010005311,0001,2021-01-27 08:34:07.96,2,12719,3769,525,0,0
2399,2021012700010005311,0001,2021-01-27 08:34:08.976,2,14091,3740,586,1,1
2400,2021012700010005312,0001,2021-01-27 08:34:11.006,2,83,3275,377,0,0
2401,2021012700010005312,0001,2021-01-27 08:34:12.008,2,1464,3197,386,0,0
2402,2021012700010005312,0001,2021-01-27 08:34:13.023,2,2797,3178,430,0,0
2403,2021012700010005312,0001,2021-01-27 08:34:14.039,2,4131,3099,428,1,1
2404,2021012700010005312,0001,2021-01-27 08:34:15.054,2,5423,2976,435,1,1
2405,2021012700010005312,0001,2021-01-27 08:34:16.069,2,6832,2796,455,2,2
2406,2021012700010005312,0001,2021-01-27 08:34:17.085,2,8130,2680,448,2,2
2407,2021012700010005313,0001,2021-01-27 08:34:17.085,2,547,1324,488,0,0
2408,2021012700010005312,0001,2021-01-27 08:34:18.1,2,9515,2615,474,2,2
2409,2021012700010005313,0001,2021-01-27 08:34:18.1,2,1991,1262,543,0,0
2410,2021012700010005312,0001,2021-01-27 08:34:19.115,2,10961,2422,389,3,3
2411,2021012700010005313,0001,2021-01-27 08:34:19.115,2,3581,1270,533,0,0
2412,2021012700010005312,0001,2021-01-27 08:34:20.131,2,12314,2151,418,3,3
2413,2021012700010005313,0001,2021-01-27 08:34:20.131,2,5084,1303,527,1,1
2414,2021012700010005312,0001,2021-01-27 08:34:21.146,2,13720,2015,354,4,4
2415,2021012700010005313,0001,2021-01-27 08:34:21.146,2,6676,1333,651,1,1
2416,2021012700010005313,0001,2021-01-27 08:34:22.162,2,8132,1364,618,2,2
2417,2021012700010005313,0001,2021-01-27 08:34:23.177,2,9618,1308,509,2,2
2418,2021012700010005315,0001,2021-01-27 08:34:23.177,2,84,2744,410,0,0
2419,2021012700010005316,0001,2021-01-27 08:34:23.177,2,9916,1421,461,0,0
2420,2021012700010005313,0001,2021-01-27 08:34:24.192,2,9618,1308,509,2,2
2421,2021012700010005315,0001,2021-01-27 08:34:24.192,2,1539,2462,444,0,0
2422,2021012700010005316,0001,2021-01-27 08:34:24.192,2,11248,1318,519,0,0
2423,2021012700010005313,0001,2021-01-27 08:34:25.208,2,9618,1308,509,3,3
2424,2021012700010005315,0001,2021-01-27 08:34:25.208,2,3115,2596,661,0,0
2425,2021012700010005316,0001,2021-01-27 08:34:25.208,2,12754,1393,515,0,0
2426,2021012700010005313,0001,2021-01-27 08:34:26.223,2,9618,1308,509,3,3
2427,2021012700010005315,0001,2021-01-27 08:34:26.223,2,4587,2670,670,1,1
2428,2021012700010005316,0001,2021-01-27 08:34:26.223,2,14234,1477,502,1,1
2429,2021012700010005315,0001,2021-01-27 08:34:27.233,2,6106,2724,675,1,1
2430,2021012700010005315,0001,2021-01-27 08:34:28.248,2,7712,2735,675,2,2
2431,2021012700010005315,0001,2021-01-27 08:34:29.263,2,9196,2748,649,2,2
2432,2021012700010005315,0001,2021-01-27 08:34:30.279,2,10627,2700,683,2,2
2433,2021012700010005315,0001,2021-01-27 08:34:31.294,2,12128,2635,675,3,3
2434,2021012700010005315,0001,2021-01-27 08:34:32.31,2,13697,2540,630,3,3
2435,2021012700010005317,0001,2021-01-27 08:34:38.402,2,593,3605,728,0,0
2436,2021012700010005317,0001,2021-01-27 08:34:39.417,2,1775,3642,741,0,0
2437,2021012700010005317,0001,2021-01-27 08:34:40.433,2,3111,3760,603,0,0
2438,2021012700010005317,0001,2021-01-27 08:34:41.448,2,4336,3672,581,1,1
2439,2021012700010005317,0001,2021-01-27 08:34:42.449,2,5519,3624,634,1,1
2440,2021012700010005317,0001,2021-01-27 08:34:43.465,2,6664,3602,616,2,2
2441,2021012700010005317,0001,2021-01-27 08:34:44.48,2,7820,3674,611,2,2
2442,2021012700010005317,0001,2021-01-27 08:34:45.496,2,9101,3684,643,3,3
2443,2021012700010005317,0001,2021-01-27 08:34:46.511,2,10284,3638,646,3,3
2444,2021012700010005317,0001,2021-01-27 08:34:47.526,2,11474,3619,642,3,3
2445,2021012700010005322,0001,2021-01-27 08:34:47.526,2,552,3973,484,0,0
2446,2021012700010005317,0001,2021-01-27 08:34:48.542,2,12686,3592,575,4,4
2447,2021012700010005322,0001,2021-01-27 08:34:48.542,2,2041,3723,445,0,0
2448,2021012700010005317,0001,2021-01-27 08:34:49.557,2,13853,3520,731,4,4
2449,2021012700010005322,0001,2021-01-27 08:34:49.557,2,3502,3679,522,0,0
2450,2021012700010005322,0001,2021-01-27 08:34:50.573,2,4925,3710,486,1,1
2451,2021012700010005322,0001,2021-01-27 08:34:51.588,2,6410,3756,487,1,1
2452,2021012700010005322,0001,2021-01-27 08:34:52.603,2,7816,3833,492,2,2
2453,2021012700010005322,0001,2021-01-27 08:34:53.619,2,9429,3956,567,2,2
2454,2021012700010005322,0001,2021-01-27 08:34:54.634,2,10760,3862,501,3,3
2455,2021012700010005322,0001,2021-01-27 08:34:55.649,2,12380,3773,575,3,3
2456,2021012700010005322,0001,2021-01-27 08:34:56.665,2,13836,3773,501,3,3
2457,2021012700010005330,0001,2021-01-27 08:35:08.83,2,1209,2565,509,0,0
2458,2021012700010005330,0001,2021-01-27 08:35:09.846,2,2474,2808,570,0,0
2459,2021012700010005330,0001,2021-01-27 08:35:10.861,2,3764,3139,602,1,1
2460,2021012700010005330,0001,2021-01-27 08:35:11.862,2,5116,3311,542,1,1
2461,2021012700010005333,0001,2021-01-27 08:35:11.862,2,493,3055,521,0,0
2462,2021012700010005330,0001,2021-01-27 08:35:12.878,2,6599,3385,586,1,1
2463,2021012700010005333,0001,2021-01-27 08:35:12.878,2,1804,3292,559,0,0
2464,2021012700010005330,0001,2021-01-27 08:35:13.893,2,7940,3352,512,2,2
2465,2021012700010005333,0001,2021-01-27 08:35:13.893,2,3070,3468,599,0,0
2466,2021012700010005340,0001,2021-01-27 08:35:13.893,2,1118,2644,616,0,0
2467,2021012700010005330,0001,2021-01-27 08:35:14.909,2,9260,3190,528,2,2
2468,2021012700010005333,0001,2021-01-27 08:35:14.909,2,4276,3420,474,1,1
2469,2021012700010005340,0001,2021-01-27 08:35:14.909,2,2405,2497,651,0,0
2470,2021012700010005330,0001,2021-01-27 08:35:15.924,2,10675,2861,499,3,3
2471,2021012700010005333,0001,2021-01-27 08:35:15.924,2,5775,3431,679,1,1
2472,2021012700010005340,0001,2021-01-27 08:35:15.924,2,3846,2468,673,1,1
2473,2021012700010005330,0001,2021-01-27 08:35:16.939,2,12044,2670,543,3,3
2474,2021012700010005333,0001,2021-01-27 08:35:16.939,2,7096,3507,582,2,2
2475,2021012700010005340,0001,2021-01-27 08:35:16.939,2,5199,2566,663,1,1
2476,2021012700010005330,0001,2021-01-27 08:35:17.955,2,13491,2400,360,3,3
2477,2021012700010005333,0001,2021-01-27 08:35:17.955,2,8402,3532,613,2,2
2478,2021012700010005340,0001,2021-01-27 08:35:17.955,2,6568,2605,653,1,1
2479,2021012700010005333,0001,2021-01-27 08:35:18.97,2,9910,3533,475,2,2
2480,2021012700010005340,0001,2021-01-27 08:35:18.97,2,8054,2600,648,2,2
2481,2021012700010005333,0001,2021-01-27 08:35:19.986,2,11203,3383,545,3,3
2482,2021012700010005340,0001,2021-01-27 08:35:19.986,2,9556,2564,670,2,2
2483,2021012700010005333,0001,2021-01-27 08:35:21.001,2,12479,3309,594,3,3
2484,2021012700010005340,0001,2021-01-27 08:35:21.001,2,10815,2396,486,3,3
2485,2021012700010005333,0001,2021-01-27 08:35:22.016,2,13819,3195,625,4,4
2486,2021012700010005340,0001,2021-01-27 08:35:22.016,2,12144,2354,477,3,3
2487,2021012700010005340,0001,2021-01-27 08:35:23.032,2,13728,2511,471,3,3
2488,2021012700010005356,0001,2021-01-27 08:35:29.11,2,1229,2200,486,0,0
2489,2021012700010005356,0001,2021-01-27 08:35:30.125,2,2395,1986,479,0,0
2490,2021012700010005360,0001,2021-01-27 08:35:30.125,2,1291,4207,434,0,0
2491,2021012700010005356,0001,2021-01-27 08:35:31.141,2,3585,1912,459,1,1
2492,2021012700010005360,0001,2021-01-27 08:35:31.141,2,2489,4343,442,0,0
2493,2021012700010005356,0001,2021-01-27 08:35:32.156,2,4807,1797,449,1,1
2494,2021012700010005360,0001,2021-01-27 08:35:32.156,2,3770,4381,453,1,1
2495,2021012700010005356,0001,2021-01-27 08:35:33.171,2,5974,1658,446,1,1
2496,2021012700010005360,0001,2021-01-27 08:35:33.171,2,5019,4385,466,1,1
2497,2021012700010005356,0001,2021-01-27 08:35:34.187,2,7219,1535,459,2,2
2498,2021012700010005360,0001,2021-01-27 08:35:34.187,2,6259,4324,458,1,1
2499,2021012700010005356,0001,2021-01-27 08:35:35.202,2,8430,1373,453,2,2
2500,2021012700010005360,0001,2021-01-27 08:35:35.202,2,7472,4186,466,2,2
2501,2021012700010005356,0001,2021-01-27 08:35:36.218,2,9717,1324,533,3,3
2502,2021012700010005360,0001,2021-01-27 08:35:36.218,2,8707,4015,435,2,2
2503,2021012700010005356,0001,2021-01-27 08:35:37.233,2,10923,1367,551,3,3
2504,2021012700010005360,0001,2021-01-27 08:35:37.233,2,9948,3869,477,3,3
2505,2021012700010005356,0001,2021-01-27 08:35:38.248,2,12357,1375,479,4,4
2506,2021012700010005360,0001,2021-01-27 08:35:38.248,2,11298,3781,524,3,3
2507,2021012700010005356,0001,2021-01-27 08:35:39.264,2,13559,1285,496,4,4
2508,2021012700010005360,0001,2021-01-27 08:35:39.264,2,12494,3687,512,4,4
2509,2021012700010005360,0001,2021-01-27 08:35:40.279,2,13803,3753,367,4,4
2510,2021012700010005366,0001,2021-01-27 08:35:45.342,2,393,3978,511,0,0
2511,2021012700010005366,0001,2021-01-27 08:35:46.358,2,1653,3562,535,0,0
2512,2021012700010005366,0001,2021-01-27 08:35:47.373,2,3055,3346,612,0,0
2513,2021012700010005367,0001,2021-01-27 08:35:47.373,2,279,3208,439,0,0
2514,2021012700010005366,0001,2021-01-27 08:35:48.388,2,4272,3036,576,1,1
2515,2021012700010005367,0001,2021-01-27 08:35:48.388,2,1468,3294,355,0,0
2516,2021012700010005366,0001,2021-01-27 08:35:49.404,2,5674,2862,619,1,1
2517,2021012700010005367,0001,2021-01-27 08:35:49.404,2,2717,3258,363,0,0
2518,2021012700010005366,0001,2021-01-27 08:35:50.419,2,7051,2673,601,2,2
2519,2021012700010005367,0001,2021-01-27 08:35:50.419,2,3954,3341,524,1,1
2520,2021012700010005366,0001,2021-01-27 08:35:53.465,1,7051,2673,601,2,2
2521,2021012700010005367,0001,2021-01-27 08:35:53.465,1,3954,3341,524,1,1
2522,2021012700010005372,0001,2021-01-27 08:35:53.465,1,11168,2195,645,0,0
2523,2021012700010005373,0001,2021-01-27 08:35:53.465,1,7691,3549,683,0,0
2524,2021012700010005366,0001,2021-01-27 08:35:54.481,1,7051,2673,601,2,2
2525,2021012700010005367,0001,2021-01-27 08:35:54.481,1,3954,3341,524,2,2
2526,2021012700010005372,0001,2021-01-27 08:35:54.481,1,12521,2151,665,0,0
2527,2021012700010005373,0001,2021-01-27 08:35:54.481,1,8901,3528,627,0,0
2528,2021012700010005366,0001,2021-01-27 08:35:55.496,1,7051,2673,601,3,3
2529,2021012700010005367,0001,2021-01-27 08:35:55.496,1,3954,3341,524,2,2
2530,2021012700010005372,0001,2021-01-27 08:35:55.496,1,13927,2112,676,1,1
2531,2021012700010005373,0001,2021-01-27 08:35:55.496,1,10194,3459,658,1,1
2532,2021012700010005373,0001,2021-01-27 08:35:56.511,1,11452,3416,702,1,1
2533,2021012700010005374,0001,2021-01-27 08:35:56.511,1,361,3422,544,0,0
2534,2021012700010005373,0001,2021-01-27 08:35:57.513,1,12646,3355,680,1,1
2535,2021012700010005374,0001,2021-01-27 08:35:57.513,1,1906,3178,586,0,0
2536,2021012700010005373,0001,2021-01-27 08:35:58.528,2,12791,3336,640,2,2
2537,2021012700010005374,0001,2021-01-27 08:35:58.528,2,2034,3157,531,0,0
2538,2021012700010005376,0001,2021-01-27 08:35:58.528,2,13918,3403,673,0,0
2539,2021012700010005377,0001,2021-01-27 08:35:58.528,2,3521,3037,534,0,0
2540,2021012700010005373,0001,2021-01-27 08:35:59.544,2,12791,3336,640,2,2
2541,2021012700010005374,0001,2021-01-27 08:35:59.544,2,2034,3157,531,0,0
2542,2021012700010005377,0001,2021-01-27 08:35:59.544,2,5140,3044,551,0,0
2543,2021012700010005373,0001,2021-01-27 08:36:00.559,2,12791,3336,640,2,2
2544,2021012700010005374,0001,2021-01-27 08:36:00.559,2,2034,3157,531,1,1
2545,2021012700010005377,0001,2021-01-27 08:36:00.559,2,6734,3051,548,0,0
2546,2021012700010005377,0001,2021-01-27 08:36:01.574,2,8370,3026,505,1,1
2547,2021012700010005377,0001,2021-01-27 08:36:02.59,2,9994,2889,498,1,1
2548,2021012700010005377,0001,2021-01-27 08:36:03.605,2,11665,2747,527,2,2
2549,2021012700010005377,0001,2021-01-27 08:36:04.621,2,13434,2778,541,2,2
2550,2021012700010005384,0001,2021-01-27 08:36:17.807,2,14008,1340,525,0,0
2551,2021012700010005384,0001,2021-01-27 08:36:18.822,2,12441,1196,511,0,0
2552,2021012700010005384,0001,2021-01-27 08:36:19.837,2,10443,1099,493,0,0
2553,2021012700010005384,0001,2021-01-27 08:36:20.853,2,8966,1301,433,1,1
2554,2021012700010005384,0001,2021-01-27 08:36:21.868,2,7382,1355,488,1,1
2555,2021012700010005384,0001,2021-01-27 08:36:22.883,2,5584,1543,630,2,2
2556,2021012700010005386,0001,2021-01-27 08:36:22.883,2,5910,1591,507,0,0
2557,2021012700010005384,0001,2021-01-27 08:36:23.899,2,4090,1609,553,2,2
2558,2021012700010005384,0001,2021-01-27 08:36:24.914,2,2518,1580,524,2,2
2559,2021012700010005384,0001,2021-01-27 08:36:25.93,2,827,1504,521,3,3
2560,2021012700010005385,0001,2021-01-27 08:36:25.93,2,736,3159,496,0,0
2561,2021012700010005385,0001,2021-01-27 08:36:26.931,2,1947,2952,547,0,0
2562,2021012700010005385,0001,2021-01-27 08:36:27.946,2,3280,2888,363,1,1
2563,2021012700010005385,0001,2021-01-27 08:36:28.962,2,4668,3110,558,1,1
2564,2021012700010005385,0001,2021-01-27 08:36:29.977,2,5855,3141,606,1,1
2565,2021012700010005385,0001,2021-01-27 08:36:30.992,2,7262,3072,614,2,2
2566,2021012700010005385,0001,2021-01-27 08:36:32.008,2,8529,2996,576,2,2
2567,2021012700010005385,0001,2021-01-27 08:36:33.023,2,9880,2882,598,3,3
2568,2021012700010005385,0001,2021-01-27 08:36:34.039,2,11184,2828,595,3,3
2569,2021012700010005385,0001,2021-01-27 08:36:35.054,2,12487,2730,530,3,3
2570,2021012700010005385,0001,2021-01-27 08:36:36.07,2,13822,2794,511,4,4
2571,2021012700010005390,0001,2021-01-27 08:36:45.203,2,723,4036,401,0,0
2572,2021012700010005390,0001,2021-01-27 08:36:46.218,2,1922,3995,458,0,0
2573,2021012700010005390,0001,2021-01-27 08:36:47.233,2,2922,3722,618,1,1
2574,2021012700010005390,0001,2021-01-27 08:36:48.249,2,3998,3609,597,1,1
2575,2021012700010005390,0001,2021-01-27 08:36:49.264,2,5168,3542,581,1,1
2576,2021012700010005390,0001,2021-01-27 08:36:50.279,2,6308,3465,555,2,2
2577,2021012700010005394,0001,2021-01-27 08:36:50.279,2,133,2887,443,0,0
2578,2021012700010005390,0001,2021-01-27 08:36:51.295,2,7397,3434,584,2,2
2579,2021012700010005394,0001,2021-01-27 08:36:51.295,2,1417,2741,403,0,0
2580,2021012700010005390,0001,2021-01-27 08:36:52.31,2,8508,3462,634,3,3
2581,2021012700010005394,0001,2021-01-27 08:36:52.31,2,2739,2572,412,0,0
2582,2021012700010005390,0001,2021-01-27 08:36:53.326,2,9647,3441,590,3,3
2583,2021012700010005394,0001,2021-01-27 08:36:53.326,2,4161,2546,385,1,1
2584,2021012700010005390,0001,2021-01-27 08:36:54.341,2,10067,3468,583,3,3
2585,2021012700010005394,0001,2021-01-27 08:36:54.341,2,4563,2539,370,1,1
2586,2021012700010005390,0001,2021-01-27 08:36:56.372,1,10067,3468,583,3,3
2587,2021012700010005394,0001,2021-01-27 08:36:56.372,1,4563,2539,370,1,1
2588,2021012700010005401,0001,2021-01-27 08:36:56.372,1,12975,3418,617,0,0
2589,2021012700010005390,0001,2021-01-27 08:36:57.373,1,10067,3468,583,4,4
2590,2021012700010005394,0001,2021-01-27 08:36:57.373,1,4563,2539,370,2,2
2591,2021012700010005401,0001,2021-01-27 08:36:57.373,1,13807,3379,631,0,0
2592,2021012700010005390,0001,2021-01-27 08:36:58.389,1,10067,3468,583,4,4
2593,2021012700010005394,0001,2021-01-27 08:36:58.389,1,4563,2539,370,2,2
2594,2021012700010005406,0001,2021-01-27 08:37:02.45,2,12705,776,555,0,0
2595,2021012700010005403,0001,2021-01-27 08:37:03.466,2,12986,2225,585,0,0
2596,2021012700010005406,0001,2021-01-27 08:37:03.466,2,11592,708,509,0,0
2597,2021012700010005403,0001,2021-01-27 08:37:04.481,2,11457,2487,716,0,0
2598,2021012700010005406,0001,2021-01-27 08:37:04.481,2,10479,640,550,0,0
2599,2021012700010005403,0001,2021-01-27 08:37:05.496,2,9773,2620,717,1,1
2600,2021012700010005406,0001,2021-01-27 08:37:05.496,2,9234,665,526,1,1
2601,2021012700010005407,0001,2021-01-27 08:37:05.496,2,12976,1804,523,0,0
2602,2021012700010005403,0001,2021-01-27 08:37:06.512,2,8359,2656,728,1,1
2603,2021012700010005406,0001,2021-01-27 08:37:06.512,2,8126,692,535,1,1
2604,2021012700010005407,0001,2021-01-27 08:37:06.512,2,11597,2149,521,0,0
2605,2021012700010005403,0001,2021-01-27 08:37:07.527,2,6857,2736,711,1,1
2606,2021012700010005406,0001,2021-01-27 08:37:07.527,2,7033,645,555,2,2
2607,2021012700010005407,0001,2021-01-27 08:37:07.527,2,10401,2642,479,1,1
2608,2021012700010005403,0001,2021-01-27 08:37:08.543,2,5298,2850,549,2,2
2609,2021012700010005406,0001,2021-01-27 08:37:08.543,2,5860,628,540,2,2
2610,2021012700010005407,0001,2021-01-27 08:37:08.543,2,9156,3242,508,1,1
2611,2021012700010005403,0001,2021-01-27 08:37:09.558,2,3876,2823,539,2,2
2612,2021012700010005406,0001,2021-01-27 08:37:09.558,2,4811,609,556,2,2
2613,2021012700010005407,0001,2021-01-27 08:37:09.558,2,7844,3702,566,1,1
2614,2021012700010005403,0001,2021-01-27 08:37:10.573,2,2276,2753,565,3,3
2615,2021012700010005406,0001,2021-01-27 08:37:10.573,2,3578,633,543,3,3
2616,2021012700010005407,0001,2021-01-27 08:37:10.573,2,6433,4077,504,2,2
2617,2021012700010005403,0001,2021-01-27 08:37:11.589,2,788,2573,425,3,3
2618,2021012700010005406,0001,2021-01-27 08:37:11.589,2,2504,673,546,3,3
2619,2021012700010005407,0001,2021-01-27 08:37:11.589,2,5079,4336,527,2,2
2620,2021012700010005406,0001,2021-01-27 08:37:12.596,2,1413,740,522,4,4
2621,2021012700010005407,0001,2021-01-27 08:37:12.596,2,3627,4339,525,3,3
2622,2021012700010005406,0001,2021-01-27 08:37:13.612,2,356,919,362,4,4
2623,2021012700010005407,0001,2021-01-27 08:37:13.612,2,2230,4077,400,3,3
2624,2021012700010005407,0001,2021-01-27 08:37:14.614,2,656,4092,525,4,4
2625,2021012700010005410,0001,2021-01-27 08:37:18.634,2,834,3345,603,0,0
2626,2021012700010005410,0001,2021-01-27 08:37:19.649,2,2044,2752,585,0,0
2627,2021012700010005410,0001,2021-01-27 08:37:20.665,2,3449,2490,588,1,1
2628,2021012700010005410,0001,2021-01-27 08:37:21.68,2,4741,2398,466,1,1
2629,2021012700010005410,0001,2021-01-27 08:37:22.681,2,5946,2323,460,1,1
2630,2021012700010005417,0001,2021-01-27 08:37:22.681,2,6274,2350,559,0,0
2631,2021012700010005410,0001,2021-01-27 08:37:23.697,2,7273,2359,465,2,2
2632,2021012700010005410,0001,2021-01-27 08:37:24.712,2,8614,2385,460,2,2
2633,2021012700010005410,0001,2021-01-27 08:37:25.727,2,9914,2216,596,3,3
2634,2021012700010005410,0001,2021-01-27 08:37:26.743,2,11200,2123,558,3,3
2635,2021012700010005410,0001,2021-01-27 08:37:27.748,2,12504,1955,638,3,3
2636,2021012700010005410,0001,2021-01-27 08:37:28.764,2,13900,2073,599,4,4
2637,2021012700010005418,0001,2021-01-27 08:37:29.779,2,922,2361,564,0,0
2638,2021012700010005418,0001,2021-01-27 08:37:30.794,2,2314,2069,465,0,0
2639,2021012700010005418,0001,2021-01-27 08:37:33.841,1,2314,2069,465,1,1
2640,2021012700010005422,0001,2021-01-27 08:37:33.841,1,6333,1785,461,0,0
2641,2021012700010005423,0001,2021-01-27 08:37:33.841,1,3133,3272,397,0,0
2642,2021012700010005418,0001,2021-01-27 08:37:34.856,1,2314,2069,465,1,1
2643,2021012700010005422,0001,2021-01-27 08:37:34.856,1,7699,1865,457,0,0
2644,2021012700010005423,0001,2021-01-27 08:37:34.856,1,4577,3354,449,0,0
2645,2021012700010005418,0001,2021-01-27 08:37:35.871,1,2314,2069,465,1,1
2646,2021012700010005422,0001,2021-01-27 08:37:35.871,1,8942,1857,506,1,1
2647,2021012700010005423,0001,2021-01-27 08:37:35.871,1,5890,3685,451,1,1
2648,2021012700010005422,0001,2021-01-27 08:37:36.887,1,10272,1832,516,1,1
2649,2021012700010005423,0001,2021-01-27 08:37:36.887,1,7833,3652,528,1,1
2650,2021012700010005422,0001,2021-01-27 08:37:37.902,1,11715,1748,539,1,1
2651,2021012700010005423,0001,2021-01-27 08:37:37.902,1,9528,3730,584,1,1
2652,2021012700010005422,0001,2021-01-27 08:37:40.948,1,11715,1748,539,1,1
2653,2021012700010005423,0001,2021-01-27 08:37:40.948,1,9528,3730,584,1,1
2654,2021012700010005427,0001,2021-01-27 08:37:40.948,1,1842,2442,429,0,0
2655,2021012700010005422,0001,2021-01-27 08:37:41.95,1,11715,1748,539,2,2
2656,2021012700010005423,0001,2021-01-27 08:37:41.95,1,9528,3730,584,2,2
2657,2021012700010005427,0001,2021-01-27 08:37:41.95,1,3148,2291,430,0,0
2658,2021012700010005422,0001,2021-01-27 08:37:42.965,1,11715,1748,539,2,2
2659,2021012700010005423,0001,2021-01-27 08:37:42.965,1,9528,3730,584,2,2
2660,2021012700010005427,0001,2021-01-27 08:37:42.965,1,4681,2275,483,0,0
2661,2021012700010005422,0001,2021-01-27 08:37:43.98,1,11715,1748,539,3,3
2662,2021012700010005427,0001,2021-01-27 08:37:43.98,1,6069,2228,536,1,1
2663,2021012700010005427,0001,2021-01-27 08:37:44.996,1,7457,2230,556,1,1
2664,2021012700010005427,0001,2021-01-27 08:37:46.011,1,8771,2189,505,1,1
2665,2021012700010005427,0001,2021-01-27 08:37:47.027,2,8771,2189,505,2,2
2666,2021012700010005429,0001,2021-01-27 08:37:47.027,2,10425,2075,502,0,0
2667,2021012700010005427,0001,2021-01-27 08:37:48.042,2,8771,2189,505,2,2
2668,2021012700010005429,0001,2021-01-27 08:37:48.042,2,12042,2008,403,0,0
2669,2021012700010005427,0001,2021-01-27 08:37:49.057,2,8771,2189,505,2,2
2670,2021012700010005429,0001,2021-01-27 08:37:49.057,2,13604,1926,380,0,0
2671,2021012700010005435,0001,2021-01-27 08:37:56.165,2,352,2321,545,0,0
2672,2021012700010005435,0001,2021-01-27 08:37:57.166,2,1890,2262,517,0,0
2673,2021012700010005436,0001,2021-01-27 08:37:57.166,2,1060,3824,623,0,0
2674,2021012700010005435,0001,2021-01-27 08:37:58.181,2,3590,2437,727,0,0
2675,2021012700010005436,0001,2021-01-27 08:37:58.181,2,2513,3772,587,0,0
2676,2021012700010005439,0001,2021-01-27 08:37:58.181,2,890,3281,449,0,0
2677,2021012700010005435,0001,2021-01-27 08:37:59.197,2,5128,2455,715,1,1
2678,2021012700010005436,0001,2021-01-27 08:37:59.197,2,4019,3910,673,1,1
2679,2021012700010005439,0001,2021-01-27 08:37:59.197,2,2380,2771,534,0,0
2680,2021012700010005435,0001,2021-01-27 08:38:00.212,2,6685,2423,712,1,1
2681,2021012700010005436,0001,2021-01-27 08:38:00.212,2,5320,3943,557,1,1
2682,2021012700010005439,0001,2021-01-27 08:38:00.212,2,4042,2478,541,1,1
2683,2021012700010005435,0001,2021-01-27 08:38:01.228,2,8381,2350,726,2,2
2684,2021012700010005436,0001,2021-01-27 08:38:01.228,2,6899,3674,670,1,1
2685,2021012700010005439,0001,2021-01-27 08:38:01.228,2,5900,2389,596,1,1
2686,2021012700010005435,0001,2021-01-27 08:38:02.243,2,9822,2201,576,2,2
2687,2021012700010005436,0001,2021-01-27 08:38:02.243,2,8430,3623,651,2,2
2688,2021012700010005439,0001,2021-01-27 08:38:02.243,2,7436,2078,378,1,1
2689,2021012700010005445,0001,2021-01-27 08:38:02.243,2,10127,2306,627,0,0
2690,2021012700010005435,0001,2021-01-27 08:38:03.259,2,10781,2096,481,2,2
2691,2021012700010005436,0001,2021-01-27 08:38:03.259,2,10047,3682,702,2,2
2692,2021012700010005439,0001,2021-01-27 08:38:03.259,2,9250,2077,581,2,2
2693,2021012700010005446,0001,2021-01-27 08:38:03.259,2,11641,2261,602,0,0
2694,2021012700010005435,0001,2021-01-27 08:38:04.274,2,11013,2017,554,3,3
2695,2021012700010005436,0001,2021-01-27 08:38:04.274,2,11691,3685,645,3,3
2696,2021012700010005439,0001,2021-01-27 08:38:04.274,2,10530,1950,483,2,2
2697,2021012700010005446,0001,2021-01-27 08:38:04.274,2,13237,2135,560,0,0
2698,2021012700010005435,0001,2021-01-27 08:38:05.289,2,12720,2072,568,3,3
2699,2021012700010005436,0001,2021-01-27 08:38:05.289,2,13180,3746,665,3,3
2700,2021012700010005439,0001,2021-01-27 08:38:05.289,2,10530,1950,483,3,3
2701,2021012700010005435,0001,2021-01-27 08:38:06.305,2,13473,2073,595,4,4
2702,2021012700010005439,0001,2021-01-27 08:38:06.305,2,10530,1950,483,3,3
2703,2021012700010005435,0001,2021-01-27 08:38:07.32,2,13473,2073,595,4,4
2704,2021012700010005447,0001,2021-01-27 08:38:07.32,2,514,3202,613,0,0
2705,2021012700010005435,0001,2021-01-27 08:38:08.335,2,13473,2073,595,4,4
2706,2021012700010005447,0001,2021-01-27 08:38:08.335,2,1858,3176,505,0,0
2707,2021012700010005447,0001,2021-01-27 08:38:09.351,2,3173,3107,488,0,0
2708,2021012700010005447,0001,2021-01-27 08:38:10.366,2,4561,3028,539,1,1
2709,2021012700010005447,0001,2021-01-27 08:38:11.382,2,5911,3063,456,1,1
2710,2021012700010005444,0001,2021-01-27 08:38:12.383,2,236,3825,580,0,0
2711,2021012700010005447,0001,2021-01-27 08:38:12.383,2,7294,3248,421,2,2
2712,2021012700010005444,0001,2021-01-27 08:38:13.398,2,1224,3176,389,0,0
2713,2021012700010005447,0001,2021-01-27 08:38:13.398,2,8661,3347,455,2,2
2714,2021012700010005453,0001,2021-01-27 08:38:13.398,2,707,2895,469,0,0
2715,2021012700010005444,0001,2021-01-27 08:38:14.414,2,2173,3168,604,0,0
2716,2021012700010005447,0001,2021-01-27 08:38:14.414,2,10113,3360,522,2,2
2717,2021012700010005453,0001,2021-01-27 08:38:14.414,2,1886,2030,649,0,0
2718,2021012700010005444,0001,2021-01-27 08:38:15.429,2,3392,3201,590,1,1
2719,2021012700010005447,0001,2021-01-27 08:38:15.429,2,11649,3185,550,3,3
2720,2021012700010005453,0001,2021-01-27 08:38:15.429,2,3377,1701,628,1,1
2721,2021012700010005444,0001,2021-01-27 08:38:16.444,2,4541,3320,638,1,1
2722,2021012700010005447,0001,2021-01-27 08:38:16.444,2,13053,2960,501,3,3
2723,2021012700010005453,0001,2021-01-27 08:38:16.444,2,4834,1719,622,1,1
2724,2021012700010005444,0001,2021-01-27 08:38:17.46,2,5672,3514,658,2,2
2725,2021012700010005453,0001,2021-01-27 08:38:17.46,2,6256,1849,644,1,1
2726,2021012700010005444,0001,2021-01-27 08:38:18.475,2,6796,3597,654,2,2
2727,2021012700010005453,0001,2021-01-27 08:38:18.475,2,7607,2018,525,2,2
2728,2021012700010005455,0001,2021-01-27 08:38:18.475,2,13254,462,580,0,0
2729,2021012700010005444,0001,2021-01-27 08:38:19.49,2,7944,3435,583,2,2
2730,2021012700010005453,0001,2021-01-27 08:38:19.49,2,9066,2091,502,2,2
2731,2021012700010005455,0001,2021-01-27 08:38:19.49,2,11872,440,571,0,0
2732,2021012700010005461,0001,2021-01-27 08:38:19.49,2,8,4143,525,0,0
2733,2021012700010005444,0001,2021-01-27 08:38:20.506,2,9109,3250,645,3,3
2734,2021012700010005453,0001,2021-01-27 08:38:20.506,2,10518,2186,481,3,3
2735,2021012700010005455,0001,2021-01-27 08:38:20.506,2,10487,457,549,1,1
2736,2021012700010005461,0001,2021-01-27 08:38:20.506,2,1435,3956,492,0,0
2737,2021012700010005444,0001,2021-01-27 08:38:21.521,2,10252,3232,656,3,3
2738,2021012700010005453,0001,2021-01-27 08:38:21.521,2,11937,2264,558,3,3
2739,2021012700010005455,0001,2021-01-27 08:38:21.521,2,9190,481,563,1,1
2740,2021012700010005461,0001,2021-01-27 08:38:21.521,2,2776,3771,430,0,0
2741,2021012700010005444,0001,2021-01-27 08:38:22.536,2,11395,3294,673,4,4
2742,2021012700010005453,0001,2021-01-27 08:38:22.536,2,13326,2288,607,3,3
2743,2021012700010005455,0001,2021-01-27 08:38:22.536,2,7903,514,640,1,1
2744,2021012700010005461,0001,2021-01-27 08:38:22.536,2,4343,3779,478,1,1
2745,2021012700010005444,0001,2021-01-27 08:38:23.552,2,12595,3345,627,4,4
2746,2021012700010005455,0001,2021-01-27 08:38:23.552,2,6488,636,608,2,2
2747,2021012700010005461,0001,2021-01-27 08:38:23.552,2,5845,3674,498,1,1
2748,2021012700010005469,0001,2021-01-27 08:38:23.552,2,217,3843,471,0,0
2749,2021012700010005444,0001,2021-01-27 08:38:24.567,2,13782,3403,684,4,4
2750,2021012700010005455,0001,2021-01-27 08:38:24.567,2,5132,797,668,2,2
2751,2021012700010005461,0001,2021-01-27 08:38:24.567,2,7322,3495,520,2,2
2752,2021012700010005469,0001,2021-01-27 08:38:24.567,2,1274,3842,480,0,0
2753,2021012700010005455,0001,2021-01-27 08:38:25.583,2,3900,1122,703,3,3
2754,2021012700010005461,0001,2021-01-27 08:38:25.583,2,8900,3436,630,2,2
2755,2021012700010005469,0001,2021-01-27 08:38:25.583,2,2247,3873,489,0,0
2756,2021012700010005455,0001,2021-01-27 08:38:26.598,2,2545,1335,695,3,3
2757,2021012700010005461,0001,2021-01-27 08:38:26.598,2,10253,3383,599,2,2
2758,2021012700010005469,0001,2021-01-27 08:38:26.598,2,3277,3891,515,1,1
2759,2021012700010005455,0001,2021-01-27 08:38:27.6,2,1101,1351,655,3,3
2760,2021012700010005461,0001,2021-01-27 08:38:27.6,2,11720,3355,637,3,3
2761,2021012700010005469,0001,2021-01-27 08:38:27.6,2,4385,3938,659,1,1
2762,2021012700010005461,0001,2021-01-27 08:38:28.615,2,13241,3166,453,3,3
2763,2021012700010005469,0001,2021-01-27 08:38:28.615,2,5395,3922,528,2,2
2764,2021012700010005469,0001,2021-01-27 08:38:29.63,2,6461,3920,528,2,2
2765,2021012700010005469,0001,2021-01-27 08:38:30.646,2,7544,3952,594,2,2
2766,2021012700010005469,0001,2021-01-27 08:38:31.661,2,8615,3950,627,3,3
2767,2021012700010005469,0001,2021-01-27 08:38:32.677,2,9745,4039,662,3,3
2768,2021012700010005469,0001,2021-01-27 08:38:33.692,2,10757,4022,608,4,4
2769,2021012700010005469,0001,2021-01-27 08:38:34.707,2,11785,4059,667,4,4
2770,2021012700010005469,0001,2021-01-27 08:38:35.723,2,12874,4029,651,4,4
2771,2021012700010005469,0001,2021-01-27 08:38:36.738,2,13885,4047,636,5,5
2772,2021012700010005481,0001,2021-01-27 08:38:36.738,2,961,3687,549,0,0
2773,2021012700010005481,0001,2021-01-27 08:38:37.754,2,2233,3774,557,0,0
2774,2021012700010005481,0001,2021-01-27 08:38:38.769,2,3682,3888,602,1,1
2775,2021012700010005481,0001,2021-01-27 08:38:39.784,2,4786,3725,508,1,1
2776,2021012700010005481,0001,2021-01-27 08:38:40.8,2,6140,3770,689,1,1
2777,2021012700010005481,0001,2021-01-27 08:38:41.801,2,7372,3701,665,2,2
2778,2021012700010005481,0001,2021-01-27 08:38:42.816,2,8708,3701,702,2,2
2779,2021012700010005481,0001,2021-01-27 08:38:43.832,2,9829,3751,707,3,3
2780,2021012700010005481,0001,2021-01-27 08:38:44.847,2,11174,3795,647,3,3
2781,2021012700010005483,0001,2021-01-27 08:38:44.847,2,783,1573,443,0,0
2782,2021012700010005481,0001,2021-01-27 08:38:45.862,2,12425,3653,660,3,3
2783,2021012700010005483,0001,2021-01-27 08:38:45.862,2,1986,1559,537,0,0
2784,2021012700010005481,0001,2021-01-27 08:38:46.878,2,13659,3439,698,4,4
2785,2021012700010005483,0001,2021-01-27 08:38:46.878,2,3370,1642,557,1,1
2786,2021012700010005483,0001,2021-01-27 08:38:47.893,2,4768,1608,553,1,1
2787,2021012700010005483,0001,2021-01-27 08:38:48.909,2,5978,1477,512,1,1
2788,2021012700010005483,0001,2021-01-27 08:38:49.924,2,7040,1371,701,2,2
2789,2021012700010005488,0001,2021-01-27 08:38:49.924,2,1380,2779,502,0,0
2790,2021012700010005483,0001,2021-01-27 08:38:50.939,2,8183,1354,711,2,2
2791,2021012700010005488,0001,2021-01-27 08:38:50.939,2,2991,2941,675,0,0
2792,2021012700010005483,0001,2021-01-27 08:38:51.955,2,9494,1316,734,3,3
2793,2021012700010005488,0001,2021-01-27 08:38:51.955,2,4705,2976,716,1,1
2794,2021012700010005483,0001,2021-01-27 08:38:52.97,2,10744,1391,715,3,3
2795,2021012700010005488,0001,2021-01-27 08:38:52.97,2,6266,3044,720,1,1
2796,2021012700010005483,0001,2021-01-27 08:38:53.985,2,11887,1354,627,3,3
2797,2021012700010005488,0001,2021-01-27 08:38:53.985,2,7744,3033,704,1,1
2798,2021012700010005483,0001,2021-01-27 08:38:55.001,2,13071,1172,635,4,4
2799,2021012700010005488,0001,2021-01-27 08:38:55.001,2,9280,3015,681,2,2
2800,2021012700010005483,0001,2021-01-27 08:38:56.016,2,14085,800,620,4,4
2801,2021012700010005488,0001,2021-01-27 08:38:56.016,2,10930,3083,694,2,2
2802,2021012700010005488,0001,2021-01-27 08:38:57.029,2,12461,3077,616,3,3
2803,2021012700010005488,0001,2021-01-27 08:38:58.044,2,14020,3080,538,3,3
2804,2021012700010005495,0001,2021-01-27 08:39:01.09,2,487,3125,401,0,0
2805,2021012700010005495,0001,2021-01-27 08:39:02.105,2,2023,3013,483,0,0
2806,2021012700010005495,0001,2021-01-27 08:39:03.121,2,3541,3076,615,0,0
2807,2021012700010005495,0001,2021-01-27 08:39:04.136,2,5022,3147,661,1,1
2808,2021012700010005495,0001,2021-01-27 08:39:05.152,2,6497,3192,654,1,1
2809,2021012700010005495,0001,2021-01-27 08:39:06.167,2,8030,3249,663,2,2
2810,2021012700010005495,0001,2021-01-27 08:39:07.182,2,9442,3278,703,2,2
2811,2021012700010005500,0001,2021-01-27 08:39:07.182,2,723,3850,499,0,0
2812,2021012700010005495,0001,2021-01-27 08:39:08.198,2,11060,3331,648,2,2
2813,2021012700010005500,0001,2021-01-27 08:39:08.198,2,2194,3781,477,0,0
2814,2021012700010005495,0001,2021-01-27 08:39:09.213,2,12478,3433,672,3,3
2815,2021012700010005500,0001,2021-01-27 08:39:09.213,2,3390,3640,493,1,1
2816,2021012700010005495,0001,2021-01-27 08:39:10.229,2,14141,3422,395,3,3
2817,2021012700010005500,0001,2021-01-27 08:39:10.229,2,4792,3564,499,1,1
2818,2021012700010005500,0001,2021-01-27 08:39:11.244,2,6225,3541,534,1,1
2819,2021012700010005500,0001,2021-01-27 08:39:12.245,2,7734,3589,594,2,2
2820,2021012700010005500,0001,2021-01-27 08:39:13.261,2,9152,3584,657,2,2
2821,2021012700010005504,0001,2021-01-27 08:39:13.261,2,826,3317,543,0,0
2822,2021012700010005500,0001,2021-01-27 08:39:14.276,2,10658,3592,639,3,3
2823,2021012700010005504,0001,2021-01-27 08:39:14.276,2,2570,3323,519,0,0
2824,2021012700010005505,0001,2021-01-27 08:39:14.276,2,14023,1409,552,0,0
2825,2021012700010005500,0001,2021-01-27 08:39:15.292,2,12062,3630,660,3,3
2826,2021012700010005504,0001,2021-01-27 08:39:15.292,2,4318,3364,574,1,1
2827,2021012700010005505,0001,2021-01-27 08:39:15.292,2,12308,1537,599,0,0
2828,2021012700010005500,0001,2021-01-27 08:39:16.307,2,13462,3544,608,3,3
2829,2021012700010005504,0001,2021-01-27 08:39:16.307,2,5940,3314,647,1,1
2830,2021012700010005505,0001,2021-01-27 08:39:16.307,2,10560,1553,607,0,0
2831,2021012700010005504,0001,2021-01-27 08:39:17.322,2,7595,3383,661,1,1
2832,2021012700010005505,0001,2021-01-27 08:39:17.322,2,8773,1509,635,1,1
2833,2021012700010005504,0001,2021-01-27 08:39:18.338,2,8301,3332,509,2,2
2834,2021012700010005505,0001,2021-01-27 08:39:18.338,2,7093,1496,647,1,1
2835,2021012700010005510,0001,2021-01-27 08:39:18.338,2,9131,3436,639,0,0
2836,2021012700010005504,0001,2021-01-27 08:39:19.353,2,8301,3332,509,2,2
2837,2021012700010005505,0001,2021-01-27 08:39:19.353,2,5116,1463,691,2,2
2838,2021012700010005510,0001,2021-01-27 08:39:19.353,2,10992,3479,595,0,0
2839,2021012700010005504,0001,2021-01-27 08:39:20.369,2,8301,3332,509,3,3
2840,2021012700010005505,0001,2021-01-27 08:39:20.369,2,3383,1455,642,2,2
2841,2021012700010005510,0001,2021-01-27 08:39:20.369,2,12521,3414,567,0,0
2842,2021012700010005505,0001,2021-01-27 08:39:21.384,2,1664,1513,589,2,2
2843,2021012700010005510,0001,2021-01-27 08:39:21.384,2,14161,3237,512,1,1
2844,2021012700010005515,0001,2021-01-27 08:39:24.43,2,74,4338,418,0,0
2845,2021012700010005512,0001,2021-01-27 08:39:25.445,2,13022,450,645,0,0
2846,2021012700010005515,0001,2021-01-27 08:39:25.445,2,1564,4084,467,0,0
2847,2021012700010005512,0001,2021-01-27 08:39:26.461,2,11819,741,392,0,0
2848,2021012700010005515,0001,2021-01-27 08:39:26.461,2,3107,3999,472,0,0
2849,2021012700010005512,0001,2021-01-27 08:39:27.462,2,10384,568,690,1,1
2850,2021012700010005515,0001,2021-01-27 08:39:27.462,2,4667,3881,478,1,1
2851,2021012700010005512,0001,2021-01-27 08:39:28.478,2,9080,578,694,1,1
2852,2021012700010005515,0001,2021-01-27 08:39:28.478,2,6269,3785,416,1,1
2853,2021012700010005512,0001,2021-01-27 08:39:29.493,2,7866,552,696,1,1
2854,2021012700010005515,0001,2021-01-27 08:39:29.493,2,7853,3768,427,2,2
2855,2021012700010005512,0001,2021-01-27 08:39:30.508,2,6730,578,702,2,2
2856,2021012700010005515,0001,2021-01-27 08:39:30.508,2,9468,3721,433,2,2
2857,2021012700010005512,0001,2021-01-27 08:39:31.524,2,5513,636,727,2,2
2858,2021012700010005515,0001,2021-01-27 08:39:31.524,2,11016,3723,436,2,2
2859,2021012700010005512,0001,2021-01-27 08:39:32.539,2,4120,766,693,3,3
2860,2021012700010005515,0001,2021-01-27 08:39:32.539,2,12552,3731,477,3,3
2861,2021012700010005512,0001,2021-01-27 08:39:33.555,2,2870,992,658,3,3
2862,2021012700010005515,0001,2021-01-27 08:39:33.555,2,14078,3777,421,3,3
2863,2021012700010005518,0001,2021-01-27 08:39:33.555,2,1192,3429,465,0,0
2864,2021012700010005512,0001,2021-01-27 08:39:34.57,2,1836,1331,571,4,4
2865,2021012700010005518,0001,2021-01-27 08:39:34.57,2,2633,3453,525,0,0
2866,2021012700010005512,0001,2021-01-27 08:39:35.585,2,530,1386,437,4,4
2867,2021012700010005518,0001,2021-01-27 08:39:35.585,2,4098,3486,544,1,1
2868,2021012700010005518,0001,2021-01-27 08:39:36.601,2,5670,3441,521,1,1
2869,2021012700010005518,0001,2021-01-27 08:39:37.616,2,7100,3386,550,1,1
2870,2021012700010005518,0001,2021-01-27 08:39:38.631,2,8525,3272,557,2,2
2871,2021012700010005518,0001,2021-01-27 08:39:39.647,2,9965,3141,547,2,2
2872,2021012700010005518,0001,2021-01-27 08:39:40.662,2,11441,3119,520,3,3
2873,2021012700010005518,0001,2021-01-27 08:39:41.678,2,12928,3163,580,3,3
2874,2021012700010005525,0001,2021-01-27 08:39:44.71,2,1326,4341,583,0,0
2875,2021012700010005525,0001,2021-01-27 08:39:45.725,2,2753,4124,363,0,0
2876,2021012700010005525,0001,2021-01-27 08:39:46.74,2,4307,4208,651,1,1
2877,2021012700010005525,0001,2021-01-27 08:39:47.756,2,5726,4072,630,1,1
2878,2021012700010005525,0001,2021-01-27 08:39:48.771,2,7155,3991,712,1,1
2879,2021012700010005525,0001,2021-01-27 08:39:49.787,2,8701,3990,718,2,2
2880,2021012700010005532,0001,2021-01-27 08:39:49.787,2,179,2934,385,0,0
2881,2021012700010005525,0001,2021-01-27 08:39:50.802,2,10183,4039,644,2,2
2882,2021012700010005532,0001,2021-01-27 08:39:50.802,2,1595,3090,488,0,0
2883,2021012700010005525,0001,2021-01-27 08:39:51.817,2,11720,4038,605,3,3
2884,2021012700010005532,0001,2021-01-27 08:39:51.817,2,2906,3056,493,0,0
2885,2021012700010005537,0001,2021-01-27 08:39:51.817,2,1254,4339,492,0,0
2886,2021012700010005525,0001,2021-01-27 08:39:52.833,2,13263,3978,533,3,3
2887,2021012700010005532,0001,2021-01-27 08:39:52.833,2,4298,2988,499,1,1
2888,2021012700010005537,0001,2021-01-27 08:39:52.833,2,2557,4454,472,0,0
2889,2021012700010005532,0001,2021-01-27 08:39:53.848,2,5961,3010,588,1,1
2890,2021012700010005537,0001,2021-01-27 08:39:53.848,2,3933,4429,495,1,1
2891,2021012700010005532,0001,2021-01-27 08:39:54.863,2,7410,3055,603,2,2
2892,2021012700010005537,0001,2021-01-27 08:39:54.863,2,5285,4436,543,1,1
2893,2021012700010005541,0001,2021-01-27 08:39:54.863,2,651,3202,467,0,0
2894,2021012700010005532,0001,2021-01-27 08:39:55.879,2,8808,2819,485,2,2
2895,2021012700010005537,0001,2021-01-27 08:39:55.879,2,6618,4486,533,1,1
2896,2021012700010005541,0001,2021-01-27 08:39:55.879,2,1998,2988,519,0,0
2897,2021012700010005532,0001,2021-01-27 08:39:56.881,2,10257,2484,524,2,2
2898,2021012700010005537,0001,2021-01-27 08:39:56.881,2,7898,4514,478,2,2
2899,2021012700010005541,0001,2021-01-27 08:39:56.881,2,3358,2899,593,0,0
2900,2021012700010005532,0001,2021-01-27 08:39:57.896,2,11750,2364,585,3,3
2901,2021012700010005537,0001,2021-01-27 08:39:57.896,2,9097,4588,566,2,2
2902,2021012700010005541,0001,2021-01-27 08:39:57.896,2,4623,2836,622,1,1
2903,2021012700010005543,0001,2021-01-27 08:39:57.896,2,849,3170,492,0,0
2904,2021012700010005532,0001,2021-01-27 08:39:58.911,2,13288,2160,517,3,3
2905,2021012700010005537,0001,2021-01-27 08:39:58.911,2,10637,4434,527,3,3
2906,2021012700010005541,0001,2021-01-27 08:39:58.911,2,6163,2776,649,1,1
2907,2021012700010005543,0001,2021-01-27 08:39:58.911,2,2355,3296,427,0,0
2908,2021012700010005537,0001,2021-01-27 08:39:59.927,2,11887,4240,530,3,3
2909,2021012700010005541,0001,2021-01-27 08:39:59.927,2,7464,2717,624,2,2
2910,2021012700010005543,0001,2021-01-27 08:39:59.927,2,3742,3344,464,1,1
2911,2021012700010005537,0001,2021-01-27 08:40:00.942,2,13247,4124,508,4,4
2912,2021012700010005541,0001,2021-01-27 08:40:00.942,2,8813,2567,564,2,2
2913,2021012700010005543,0001,2021-01-27 08:40:00.942,2,5193,3392,484,1,1
2914,2021012700010005541,0001,2021-01-27 08:40:01.957,2,10173,2417,601,2,2
2915,2021012700010005543,0001,2021-01-27 08:40:01.957,2,6667,3399,483,1,1
2916,2021012700010005544,0001,2021-01-27 08:40:01.957,2,1218,2372,550,0,0
2917,2021012700010005546,0001,2021-01-27 08:40:01.957,2,1287,4199,515,0,0
2918,2021012700010005541,0001,2021-01-27 08:40:02.973,2,11625,2441,601,3,3
2919,2021012700010005543,0001,2021-01-27 08:40:02.973,2,8197,3313,484,2,2
2920,2021012700010005544,0001,2021-01-27 08:40:02.973,2,2843,2299,580,0,0
2921,2021012700010005546,0001,2021-01-27 08:40:02.973,2,2737,4191,469,0,0
2922,2021012700010005541,0001,2021-01-27 08:40:03.988,2,12991,2522,582,3,3
2923,2021012700010005543,0001,2021-01-27 08:40:03.988,2,9630,3306,543,2,2
2924,2021012700010005544,0001,2021-01-27 08:40:03.988,2,4426,2280,566,1,1
2925,2021012700010005546,0001,2021-01-27 08:40:03.988,2,4117,4102,444,1,1
2926,2021012700010005543,0001,2021-01-27 08:40:05.004,2,11059,3184,454,3,3
2927,2021012700010005544,0001,2021-01-27 08:40:05.004,2,6055,2250,486,1,1
2928,2021012700010005546,0001,2021-01-27 08:40:05.004,2,5476,3981,430,1,1
2929,2021012700010005543,0001,2021-01-27 08:40:06.019,2,12549,3179,505,3,3
2930,2021012700010005544,0001,2021-01-27 08:40:06.019,2,7530,2231,486,1,1
2931,2021012700010005546,0001,2021-01-27 08:40:06.019,2,6847,3937,500,1,1
2932,2021012700010005543,0001,2021-01-27 08:40:07.034,2,14029,3160,504,3,3
2933,2021012700010005544,0001,2021-01-27 08:40:07.034,2,9229,2152,456,2,2
2934,2021012700010005546,0001,2021-01-27 08:40:07.034,2,8394,4006,515,2,2
2935,2021012700010005544,0001,2021-01-27 08:40:08.05,2,10721,2084,481,2,2
2936,2021012700010005546,0001,2021-01-27 08:40:08.05,2,9710,4049,540,2,2
2937,2021012700010005544,0001,2021-01-27 08:40:09.065,2,12309,2085,496,3,3
2938,2021012700010005546,0001,2021-01-27 08:40:09.065,2,11124,3974,577,3,3
2939,2021012700010005544,0001,2021-01-27 08:40:10.081,2,13836,2083,529,3,3
2940,2021012700010005546,0001,2021-01-27 08:40:10.081,2,12661,3919,509,3,3
2941,2021012700010005546,0001,2021-01-27 08:40:11.096,2,14120,3625,505,3,3
2942,2021012700010005551,0001,2021-01-27 08:40:15.144,2,518,3557,416,0,0
2943,2021012700010005551,0001,2021-01-27 08:40:16.159,2,1980,3498,558,0,0
2944,2021012700010005551,0001,2021-01-27 08:40:17.175,2,3262,3270,479,0,0
2945,2021012700010005551,0001,2021-01-27 08:40:18.19,2,4734,3326,658,1,1
2946,2021012700010005551,0001,2021-01-27 08:40:19.205,2,6291,3312,641,1,1
2947,2021012700010005551,0001,2021-01-27 08:40:20.221,2,7707,3371,629,2,2
2948,2021012700010005555,0001,2021-01-27 08:40:20.221,2,1257,1917,599,0,0
2949,2021012700010005551,0001,2021-01-27 08:40:21.236,2,9152,3302,647,2,2
2950,2021012700010005555,0001,2021-01-27 08:40:21.236,2,2620,1883,621,0,0
2951,2021012700010005551,0001,2021-01-27 08:40:22.251,2,10646,3202,632,2,2
2952,2021012700010005555,0001,2021-01-27 08:40:22.251,2,4024,1925,608,1,1
2953,2021012700010005559,0001,2021-01-27 08:40:22.251,2,134,3747,664,0,0
2954,2021012700010005564,0001,2021-01-27 08:40:22.251,2,1121,2060,382,0,0
2955,2021012700010005551,0001,2021-01-27 08:40:23.267,2,12016,3140,641,3,3
2956,2021012700010005555,0001,2021-01-27 08:40:23.267,2,5362,1942,642,1,1
2957,2021012700010005559,0001,2021-01-27 08:40:23.267,2,1268,3186,482,0,0
2958,2021012700010005564,0001,2021-01-27 08:40:23.267,2,2478,1705,487,0,0
2959,2021012700010005551,0001,2021-01-27 08:40:24.282,2,13389,3001,418,3,3
2960,2021012700010005555,0001,2021-01-27 08:40:24.282,2,6768,2005,647,1,1
2961,2021012700010005559,0001,2021-01-27 08:40:24.282,2,2411,2795,561,0,0
2962,2021012700010005564,0001,2021-01-27 08:40:24.282,2,3787,1413,585,1,1
2963,2021012700010005555,0001,2021-01-27 08:40:25.297,2,8180,1989,637,2,2
2964,2021012700010005559,0001,2021-01-27 08:40:25.297,2,3751,2498,581,1,1
2965,2021012700010005564,0001,2021-01-27 08:40:25.297,2,5419,1185,568,1,1
2966,2021012700010005570,0001,2021-01-27 08:40:25.297,2,776,4222,471,0,0
2967,2021012700010005555,0001,2021-01-27 08:40:26.313,2,9460,2012,516,2,2
2968,2021012700010005559,0001,2021-01-27 08:40:26.313,2,5113,2277,589,1,1
2969,2021012700010005564,0001,2021-01-27 08:40:26.313,2,6727,962,572,1,1
2970,2021012700010005570,0001,2021-01-27 08:40:26.313,2,2522,4392,722,0,0
2971,2021012700010005555,0001,2021-01-27 08:40:27.314,2,10815,2029,625,3,3
2972,2021012700010005559,0001,2021-01-27 08:40:27.314,2,6395,2169,591,2,2
2973,2021012700010005564,0001,2021-01-27 08:40:27.314,2,8159,787,586,2,2
2974,2021012700010005570,0001,2021-01-27 08:40:27.314,2,4148,4383,740,0,0
2975,2021012700010005555,0001,2021-01-27 08:40:28.329,2,12139,2005,594,3,3
2976,2021012700010005559,0001,2021-01-27 08:40:28.329,2,7826,2170,709,2,2
2977,2021012700010005564,0001,2021-01-27 08:40:28.329,2,9571,585,587,2,2
2978,2021012700010005569,0001,2021-01-27 08:40:28.329,2,116,4296,381,0,0
2979,2021012700010005570,0001,2021-01-27 08:40:28.329,2,5802,4298,774,1,1
2980,2021012700010005555,0001,2021-01-27 08:40:29.345,2,13436,1978,657,4,4
2981,2021012700010005559,0001,2021-01-27 08:40:29.345,2,9074,2092,580,2,2
2982,2021012700010005564,0001,2021-01-27 08:40:29.345,2,10896,499,525,3,3
2983,2021012700010005569,0001,2021-01-27 08:40:29.345,2,1440,4133,644,0,0
2984,2021012700010005570,0001,2021-01-27 08:40:29.345,2,7395,4144,750,1,1
2985,2021012700010005559,0001,2021-01-27 08:40:30.36,2,10554,2194,756,3,3
2986,2021012700010005564,0001,2021-01-27 08:40:30.36,2,12403,289,444,3,3
2987,2021012700010005569,0001,2021-01-27 08:40:30.36,2,2983,3988,520,0,0
2988,2021012700010005570,0001,2021-01-27 08:40:30.36,2,9163,4031,786,2,2
2989,2021012700010005559,0001,2021-01-27 08:40:31.376,2,11884,2121,686,3,3
2990,2021012700010005564,0001,2021-01-27 08:40:31.376,2,13840,202,473,3,3
2991,2021012700010005569,0001,2021-01-27 08:40:31.376,2,4422,3852,557,1,1
2992,2021012700010005570,0001,2021-01-27 08:40:31.376,2,10885,3989,762,2,2
2993,2021012700010005559,0001,2021-01-27 08:40:32.391,2,13297,2104,710,4,4
2994,2021012700010005569,0001,2021-01-27 08:40:32.391,2,5960,3767,615,1,1
2995,2021012700010005570,0001,2021-01-27 08:40:32.391,2,12563,3901,695,2,2
2996,2021012700010005569,0001,2021-01-27 08:40:33.406,2,7478,3773,621,2,2
2997,2021012700010005570,0001,2021-01-27 08:40:33.406,2,14232,3814,648,3,3
2998,2021012700010005569,0001,2021-01-27 08:40:34.422,2,9072,3876,570,2,2
2999,2021012700010005573,0001,2021-01-27 08:40:34.422,2,272,2238,450,0,0
3000,2021012700010005569,0001,2021-01-27 08:40:35.437,2,10540,3864,552,2,2
3001,2021012700010005573,0001,2021-01-27 08:40:35.437,2,1740,1981,583,0,0
3002,2021012700010005569,0001,2021-01-27 08:40:36.453,2,10776,3843,649,2,2
3003,2021012700010005573,0001,2021-01-27 08:40:36.453,2,2024,2038,447,0,0
3004,2021012700010005569,0001,2021-01-27 08:40:38.483,1,10776,3843,649,3,3
3005,2021012700010005573,0001,2021-01-27 08:40:38.483,1,2024,2038,447,0,0
3006,2021012700010005575,0001,2021-01-27 08:40:38.483,1,6325,1877,605,0,0
3007,2021012700010005569,0001,2021-01-27 08:40:39.499,1,10776,3843,649,3,3
3008,2021012700010005573,0001,2021-01-27 08:40:39.499,1,2024,2038,447,1,1
3009,2021012700010005575,0001,2021-01-27 08:40:39.499,1,7818,1879,585,0,0
3010,2021012700010005569,0001,2021-01-27 08:40:40.514,1,10776,3843,649,4,4
3011,2021012700010005573,0001,2021-01-27 08:40:40.514,1,2024,2038,447,1,1
3012,2021012700010005575,0001,2021-01-27 08:40:40.514,1,9365,1822,602,1,1
3013,2021012700010005575,0001,2021-01-27 08:40:41.53,1,10885,1798,639,1,1
3014,2021012700010005576,0001,2021-01-27 08:40:41.53,1,467,3087,423,0,0
3015,2021012700010005575,0001,2021-01-27 08:40:42.531,1,12477,1836,716,1,1
3016,2021012700010005576,0001,2021-01-27 08:40:42.531,1,1860,3043,514,0,0
3017,2021012700010005575,0001,2021-01-27 08:40:43.546,1,12640,1831,675,1,1
3018,2021012700010005576,0001,2021-01-27 08:40:43.546,1,2136,3027,525,0,0
3019,2021012700010005575,0001,2021-01-27 08:40:44.557,2,12640,1831,675,2,2
3020,2021012700010005576,0001,2021-01-27 08:40:44.557,2,2136,3027,525,0,0
3021,2021012700010005581,0001,2021-01-27 08:40:44.557,2,4749,2909,536,0,0
3022,2021012700010005575,0001,2021-01-27 08:40:45.572,2,12640,1831,675,2,2
3023,2021012700010005576,0001,2021-01-27 08:40:45.572,2,2136,3027,525,1,1
3024,2021012700010005581,0001,2021-01-27 08:40:45.572,2,6214,2747,516,0,0
3025,2021012700010005576,0001,2021-01-27 08:40:46.588,2,2136,3027,525,1,1
3026,2021012700010005581,0001,2021-01-27 08:40:46.588,2,7669,2712,522,1,1
3027,2021012700010005581,0001,2021-01-27 08:40:47.603,2,9254,2696,510,1,1
3028,2021012700010005583,0001,2021-01-27 08:40:47.603,2,1188,3895,437,0,0
3029,2021012700010005581,0001,2021-01-27 08:40:48.618,2,10736,2625,513,1,1
3030,2021012700010005583,0001,2021-01-27 08:40:48.618,2,2542,3927,590,0,0
3031,2021012700010005581,0001,2021-01-27 08:40:49.634,2,12214,2568,552,2,2
3032,2021012700010005583,0001,2021-01-27 08:40:49.634,2,3846,3974,640,1,1
3033,2021012700010005581,0001,2021-01-27 08:40:50.649,2,13630,2563,548,2,2
3034,2021012700010005583,0001,2021-01-27 08:40:50.649,2,5295,4120,679,1,1
3035,2021012700010005583,0001,2021-01-27 08:40:51.665,2,6574,4228,682,1,1
3036,2021012700010005583,0001,2021-01-27 08:40:52.68,2,8025,4290,675,2,2
3037,2021012700010005583,0001,2021-01-27 08:40:53.695,2,9434,4152,639,2,2
3038,2021012700010005583,0001,2021-01-27 08:40:54.711,2,10775,3923,614,3,3
3039,2021012700010005583,0001,2021-01-27 08:40:55.726,2,12191,3700,632,3,3
3040,2021012700010005583,0001,2021-01-27 08:40:56.742,2,13594,3580,619,3,3
3041,2021012700010005593,0001,2021-01-27 08:40:59.774,2,508,3391,585,0,0
3042,2021012700010005593,0001,2021-01-27 08:41:00.789,2,1757,3133,417,0,0
3043,2021012700010005593,0001,2021-01-27 08:41:01.804,2,3030,3118,455,0,0
3044,2021012700010005593,0001,2021-01-27 08:41:02.819,2,4299,3100,473,1,1
3045,2021012700010005593,0001,2021-01-27 08:41:03.835,2,5532,3150,519,1,1
3046,2021012700010005593,0001,2021-01-27 08:41:04.851,2,6822,3239,527,2,2
3047,2021012700010005593,0001,2021-01-27 08:41:05.866,2,7924,3160,380,2,2
3048,2021012700010005593,0001,2021-01-27 08:41:06.881,2,9385,3165,500,3,3
3049,2021012700010005601,0001,2021-01-27 08:41:06.881,2,13656,625,529,0,0
3050,2021012700010005593,0001,2021-01-27 08:41:07.897,2,10680,3040,575,3,3
3051,2021012700010005601,0001,2021-01-27 08:41:07.897,2,12247,749,546,0,0
3052,2021012700010005593,0001,2021-01-27 08:41:08.912,2,11838,2843,543,3,3
3053,2021012700010005601,0001,2021-01-27 08:41:08.912,2,10976,697,547,0,0
3054,2021012700010005593,0001,2021-01-27 08:41:09.928,2,13090,2770,569,4,4
3055,2021012700010005601,0001,2021-01-27 08:41:09.928,2,9624,652,551,1,1
3056,2021012700010005601,0001,2021-01-27 08:41:10.943,2,8344,731,590,1,1
3057,2021012700010005610,0001,2021-01-27 08:41:10.943,2,216,3799,465,0,0
3058,2021012700010005601,0001,2021-01-27 08:41:11.954,2,7106,748,626,2,2
3059,2021012700010005610,0001,2021-01-27 08:41:11.954,2,1921,3792,503,0,0
3060,2021012700010005601,0001,2021-01-27 08:41:12.97,2,5742,664,585,2,2
3061,2021012700010005610,0001,2021-01-27 08:41:12.97,2,3535,3556,500,0,0
3062,2021012700010005601,0001,2021-01-27 08:41:13.985,2,4340,540,595,3,3
3063,2021012700010005610,0001,2021-01-27 08:41:13.985,2,5266,3424,519,1,1
3064,2021012700010005601,0001,2021-01-27 08:41:15,2,2907,599,559,3,3
3065,2021012700010005610,0001,2021-01-27 08:41:15,2,6991,3316,510,1,1
3066,2021012700010005614,0001,2021-01-27 08:41:15,2,521,3572,454,0,0
3067,2021012700010005601,0001,2021-01-27 08:41:16.016,2,1619,687,535,3,3
3068,2021012700010005610,0001,2021-01-27 08:41:16.016,2,8876,3337,712,2,2
3069,2021012700010005614,0001,2021-01-27 08:41:16.016,2,1938,3560,502,0,0
3070,2021012700010005601,0001,2021-01-27 08:41:17.031,2,467,863,600,4,4
3071,2021012700010005610,0001,2021-01-27 08:41:17.031,2,10505,3290,662,2,2
3072,2021012700010005614,0001,2021-01-27 08:41:17.031,2,3451,3361,575,0,0
3073,2021012700010005616,0001,2021-01-27 08:41:17.031,2,533,3454,372,0,0
3074,2021012700010005610,0001,2021-01-27 08:41:18.047,2,12271,3260,724,2,2
3075,2021012700010005614,0001,2021-01-27 08:41:18.047,2,4966,3325,591,1,1
3076,2021012700010005616,0001,2021-01-27 08:41:18.047,2,1841,3216,417,0,0
3077,2021012700010005610,0001,2021-01-27 08:41:19.062,2,13984,3197,694,3,3
3078,2021012700010005614,0001,2021-01-27 08:41:19.062,2,6309,3145,431,1,1
3079,2021012700010005616,0001,2021-01-27 08:41:19.062,2,3153,3216,456,0,0
3080,2021012700010005618,0001,2021-01-27 08:41:19.062,2,957,4138,527,0,0
3081,2021012700010005614,0001,2021-01-27 08:41:20.077,2,7822,3099,663,2,2
3082,2021012700010005616,0001,2021-01-27 08:41:20.077,2,4523,3238,610,1,1
3083,2021012700010005618,0001,2021-01-27 08:41:20.077,2,2398,4174,526,0,0
3084,2021012700010005614,0001,2021-01-27 08:41:21.093,2,9220,2710,509,2,2
3085,2021012700010005616,0001,2021-01-27 08:41:21.093,2,5730,3293,494,1,1
3086,2021012700010005618,0001,2021-01-27 08:41:21.093,2,3692,4140,540,1,1
3087,2021012700010005614,0001,2021-01-27 08:41:22.108,2,10686,2498,482,2,2
3088,2021012700010005616,0001,2021-01-27 08:41:22.108,2,7150,3353,452,2,2
3089,2021012700010005618,0001,2021-01-27 08:41:22.108,2,5217,4152,528,1,1
3090,2021012700010005614,0001,2021-01-27 08:41:23.123,2,12139,2466,470,3,3
3091,2021012700010005616,0001,2021-01-27 08:41:23.123,2,8523,3400,480,2,2
3092,2021012700010005618,0001,2021-01-27 08:41:23.123,2,6710,4173,520,1,1
3093,2021012700010005622,0001,2021-01-27 08:41:23.123,2,14080,553,616,0,0
3094,2021012700010005614,0001,2021-01-27 08:41:24.139,2,13597,2437,422,3,3
3095,2021012700010005616,0001,2021-01-27 08:41:24.139,2,9782,3488,503,2,2
3096,2021012700010005618,0001,2021-01-27 08:41:24.139,2,8104,4220,568,2,2
3097,2021012700010005622,0001,2021-01-27 08:41:24.139,2,12765,641,616,0,0
3098,2021012700010005616,0001,2021-01-27 08:41:25.154,2,10975,3524,530,3,3
3099,2021012700010005618,0001,2021-01-27 08:41:25.154,2,9268,4149,501,2,2
3100,2021012700010005622,0001,2021-01-27 08:41:25.154,2,11435,700,605,0,0
3101,2021012700010005633,0001,2021-01-27 08:41:25.154,2,11746,763,578,0,0
3102,2021012700010005616,0001,2021-01-27 08:41:26.17,2,12372,3558,459,3,3
3103,2021012700010005618,0001,2021-01-27 08:41:26.17,2,10705,4215,506,3,3
3104,2021012700010005622,0001,2021-01-27 08:41:26.17,2,10080,794,623,1,1
3105,2021012700010005628,0001,2021-01-27 08:41:26.17,2,1001,3266,429,0,0
3106,2021012700010005616,0001,2021-01-27 08:41:27.171,2,13663,3494,412,4,4
3107,2021012700010005618,0001,2021-01-27 08:41:27.171,2,12048,3951,527,3,3
3108,2021012700010005622,0001,2021-01-27 08:41:27.171,2,8739,997,622,1,1
3109,2021012700010005628,0001,2021-01-27 08:41:27.171,2,2573,3281,495,0,0
3110,2021012700010005635,0001,2021-01-27 08:41:27.171,2,9191,977,553,0,0
3111,2021012700010005618,0001,2021-01-27 08:41:28.186,2,13299,3467,493,3,3
3112,2021012700010005622,0001,2021-01-27 08:41:28.186,2,7508,1292,611,2,2
3113,2021012700010005628,0001,2021-01-27 08:41:28.186,2,4092,3191,590,1,1
3114,2021012700010005622,0001,2021-01-27 08:41:29.201,2,6198,1520,630,2,2
3115,2021012700010005628,0001,2021-01-27 08:41:29.201,2,5634,3031,582,1,1
3116,2021012700010005622,0001,2021-01-27 08:41:30.217,2,4894,1739,584,2,2
3117,2021012700010005628,0001,2021-01-27 08:41:30.217,2,6924,3050,434,1,1
3118,2021012700010005622,0001,2021-01-27 08:41:31.232,2,3556,2094,615,3,3
3119,2021012700010005628,0001,2021-01-27 08:41:31.232,2,8557,2785,682,2,2
3120,2021012700010005622,0001,2021-01-27 08:41:32.248,2,2393,2484,583,3,3
3121,2021012700010005628,0001,2021-01-27 08:41:32.248,2,10041,2762,691,2,2
3122,2021012700010005622,0001,2021-01-27 08:41:33.263,2,1134,2883,570,4,4
3123,2021012700010005628,0001,2021-01-27 08:41:33.263,2,11470,2753,720,3,3
3124,2021012700010005622,0001,2021-01-27 08:41:34.278,2,49,3463,595,4,4
3125,2021012700010005628,0001,2021-01-27 08:41:34.278,2,13009,2676,754,3,3
3126,2021012700010005639,0001,2021-01-27 08:41:37.325,2,1181,1864,556,0,0
3127,2021012700010005637,0001,2021-01-27 08:41:38.34,2,898,4441,476,0,0
3128,2021012700010005639,0001,2021-01-27 08:41:38.34,2,2670,1752,578,0,0
3129,2021012700010005637,0001,2021-01-27 08:41:39.355,2,2204,4630,478,0,0
3130,2021012700010005639,0001,2021-01-27 08:41:39.355,2,4188,1556,604,1,1
3131,2021012700010005640,0001,2021-01-27 08:41:39.355,2,13756,1842,423,0,0
3132,2021012700010005637,0001,2021-01-27 08:41:40.371,2,3449,4754,508,1,1
3133,2021012700010005639,0001,2021-01-27 08:41:40.371,2,5695,1369,479,1,1
3134,2021012700010005640,0001,2021-01-27 08:41:40.371,2,12052,1961,547,0,0
3135,2021012700010005637,0001,2021-01-27 08:41:41.386,2,4718,4741,503,1,1
3136,2021012700010005639,0001,2021-01-27 08:41:41.386,2,7319,1259,532,1,1
3137,2021012700010005640,0001,2021-01-27 08:41:41.386,2,10598,2051,532,0,0
3138,2021012700010005637,0001,2021-01-27 08:41:42.387,2,5692,4633,458,1,1
3139,2021012700010005639,0001,2021-01-27 08:41:42.387,2,8770,1293,540,2,2
3140,2021012700010005640,0001,2021-01-27 08:41:42.387,2,9166,2095,533,1,1
3141,2021012700010005643,0001,2021-01-27 08:41:42.387,2,151,3392,354,0,0
3142,2021012700010005637,0001,2021-01-27 08:41:43.403,2,7015,4690,482,2,2
3143,2021012700010005639,0001,2021-01-27 08:41:43.403,2,10341,1522,502,2,2
3144,2021012700010005640,0001,2021-01-27 08:41:43.403,2,7703,2140,598,1,1
3145,2021012700010005643,0001,2021-01-27 08:41:43.403,2,1831,3385,429,0,0
3146,2021012700010005637,0001,2021-01-27 08:41:44.418,2,8258,4651,503,2,2
3147,2021012700010005639,0001,2021-01-27 08:41:44.418,2,11859,1718,525,3,3
3148,2021012700010005640,0001,2021-01-27 08:41:44.418,2,6195,2049,643,2,2
3149,2021012700010005643,0001,2021-01-27 08:41:44.418,2,3223,3362,503,0,0
3150,2021012700010005637,0001,2021-01-27 08:41:45.433,2,9588,4577,556,3,3
3151,2021012700010005639,0001,2021-01-27 08:41:45.433,2,13404,1803,482,3,3
3152,2021012700010005640,0001,2021-01-27 08:41:45.433,2,4720,2087,656,2,2
3153,2021012700010005643,0001,2021-01-27 08:41:45.433,2,4558,3363,537,1,1
3154,2021012700010005637,0001,2021-01-27 08:41:46.449,2,10810,4351,573,3,3
3155,2021012700010005640,0001,2021-01-27 08:41:46.449,2,3194,2139,632,2,2
3156,2021012700010005643,0001,2021-01-27 08:41:46.449,2,5328,3322,417,1,1
3157,2021012700010005637,0001,2021-01-27 08:41:47.464,2,12016,4163,506,3,3
3158,2021012700010005640,0001,2021-01-27 08:41:47.464,2,1742,2188,516,3,3
3159,2021012700010005643,0001,2021-01-27 08:41:47.464,2,7182,3333,552,2,2
3160,2021012700010005637,0001,2021-01-27 08:41:48.479,2,13386,4117,494,4,4
3161,2021012700010005640,0001,2021-01-27 08:41:48.479,2,157,2394,419,3,3
3162,2021012700010005643,0001,2021-01-27 08:41:48.479,2,8555,3222,551,2,2
3163,2021012700010005644,0001,2021-01-27 08:41:48.479,2,1456,3522,454,0,0
3164,2021012700010005643,0001,2021-01-27 08:41:49.495,2,9869,3137,514,2,2
3165,2021012700010005644,0001,2021-01-27 08:41:49.495,2,2838,3100,374,0,0
3166,2021012700010005643,0001,2021-01-27 08:41:50.51,2,11258,3070,515,3,3
3167,2021012700010005644,0001,2021-01-27 08:41:50.51,2,4155,2562,438,1,1
3168,2021012700010005643,0001,2021-01-27 08:41:51.526,2,12681,2986,574,3,3
3169,2021012700010005644,0001,2021-01-27 08:41:51.526,2,5517,2065,427,1,1
3170,2021012700010005643,0001,2021-01-27 08:41:52.541,2,13498,2858,351,4,4
3171,2021012700010005644,0001,2021-01-27 08:41:52.541,2,6975,1644,454,2,2
3172,2021012700010005646,0001,2021-01-27 08:41:52.541,2,508,4138,364,0,0
3173,2021012700010005643,0001,2021-01-27 08:41:53.557,2,13498,2858,351,4,4
3174,2021012700010005644,0001,2021-01-27 08:41:53.557,2,8355,1361,449,2,2
3175,2021012700010005646,0001,2021-01-27 08:41:53.557,2,1696,3867,475,0,0
3176,2021012700010005643,0001,2021-01-27 08:41:54.572,2,13498,2858,351,4,4
3177,2021012700010005644,0001,2021-01-27 08:41:54.572,2,9736,1282,442,2,2
3178,2021012700010005646,0001,2021-01-27 08:41:54.572,2,2932,3659,505,0,0
3179,2021012700010005644,0001,2021-01-27 08:41:55.587,2,11245,1357,572,3,3
3180,2021012700010005646,0001,2021-01-27 08:41:55.587,2,4165,3534,587,1,1
3181,2021012700010005644,0001,2021-01-27 08:41:56.602,2,12787,1458,587,3,3
3182,2021012700010005646,0001,2021-01-27 08:41:56.602,2,5450,3377,535,1,1
3183,2021012700010005644,0001,2021-01-27 08:41:57.604,2,14199,1447,552,4,4
3184,2021012700010005646,0001,2021-01-27 08:41:57.604,2,6613,3175,529,2,2
3185,2021012700010005646,0001,2021-01-27 08:41:58.619,2,7848,3095,562,2,2
3186,2021012700010005646,0001,2021-01-27 08:41:59.635,2,9006,3036,545,2,2
3187,2021012700010005646,0001,2021-01-27 08:42:00.65,2,10220,2956,533,3,3
3188,2021012700010005646,0001,2021-01-27 08:42:01.665,2,11599,2803,539,3,3
3189,2021012700010005646,0001,2021-01-27 08:42:02.681,2,12968,2785,395,4,4
3190,2021012700010005646,0001,2021-01-27 08:42:03.696,2,14144,2570,373,4,4
3191,2021012700010005651,0001,2021-01-27 08:42:04.712,2,323,4196,363,0,0
3192,2021012700010005651,0001,2021-01-27 08:42:05.727,2,1676,3938,427,0,0
3193,2021012700010005651,0001,2021-01-27 08:42:06.742,2,2930,3827,442,0,0
3194,2021012700010005651,0001,2021-01-27 08:42:07.758,2,4190,3796,530,1,1
3195,2021012700010005651,0001,2021-01-27 08:42:08.773,2,5360,3704,505,1,1
3196,2021012700010005651,0001,2021-01-27 08:42:09.789,2,6613,3611,501,2,2
3197,2021012700010005651,0001,2021-01-27 08:42:10.804,2,7831,3715,496,2,2
3198,2021012700010005651,0001,2021-01-27 08:42:11.805,2,9022,3878,528,2,2
3199,2021012700010005651,0001,2021-01-27 08:42:12.821,2,10184,3809,491,3,3
3200,2021012700010005653,0001,2021-01-27 08:42:12.821,2,311,3958,536,0,0
3201,2021012700010005651,0001,2021-01-27 08:42:13.836,2,11382,3755,544,3,3
3202,2021012700010005653,0001,2021-01-27 08:42:13.836,2,1596,3486,387,0,0
3203,2021012700010005651,0001,2021-01-27 08:42:14.852,2,12678,3696,513,4,4
3204,2021012700010005653,0001,2021-01-27 08:42:14.852,2,3053,3254,525,0,0
3205,2021012700010005651,0001,2021-01-27 08:42:15.867,2,13948,3733,396,4,4
3206,2021012700010005653,0001,2021-01-27 08:42:15.867,2,4331,3011,554,1,1
3207,2021012700010005653,0001,2021-01-27 08:42:16.882,2,5706,2804,576,1,1
3208,2021012700010005656,0001,2021-01-27 08:42:16.882,2,137,3531,437,0,0
3209,2021012700010005653,0001,2021-01-27 08:42:17.898,2,7005,2622,556,2,2
3210,2021012700010005656,0001,2021-01-27 08:42:17.898,2,1516,3691,413,0,0
3211,2021012700010005653,0001,2021-01-27 08:42:18.913,2,8431,2518,583,2,2
3212,2021012700010005656,0001,2021-01-27 08:42:18.913,2,2917,3599,569,0,0
3213,2021012700010005653,0001,2021-01-27 08:42:19.929,2,9759,2412,587,2,2
3214,2021012700010005656,0001,2021-01-27 08:42:19.929,2,4329,3562,595,1,1
3215,2021012700010005657,0001,2021-01-27 08:42:19.929,2,1399,2292,392,0,0
3216,2021012700010005653,0001,2021-01-27 08:42:20.944,2,11200,2254,568,3,3
3217,2021012700010005656,0001,2021-01-27 08:42:20.944,2,5862,3539,634,1,1
3218,2021012700010005657,0001,2021-01-27 08:42:20.944,2,3316,2153,645,0,0
3219,2021012700010005653,0001,2021-01-27 08:42:21.959,2,12723,2128,525,3,3
3220,2021012700010005656,0001,2021-01-27 08:42:21.959,2,7146,3453,602,2,2
3221,2021012700010005657,0001,2021-01-27 08:42:21.959,2,5224,2022,585,1,1
3222,2021012700010005653,0001,2021-01-27 08:42:22.975,2,14021,1992,451,4,4
3223,2021012700010005656,0001,2021-01-27 08:42:22.975,2,8584,3342,620,2,2
3224,2021012700010005657,0001,2021-01-27 08:42:22.975,2,6952,1831,449,1,1
3225,2021012700010005656,0001,2021-01-27 08:42:23.99,2,10045,3266,582,2,2
3226,2021012700010005657,0001,2021-01-27 08:42:23.99,2,8827,1676,557,1,1
3227,2021012700010005656,0001,2021-01-27 08:42:25.005,2,11601,3137,598,3,3
3228,2021012700010005657,0001,2021-01-27 08:42:25.005,2,10746,1678,618,2,2
3229,2021012700010005659,0001,2021-01-27 08:42:25.005,2,915,2847,583,0,0
3230,2021012700010005656,0001,2021-01-27 08:42:26.021,2,13025,3069,608,3,3
3231,2021012700010005657,0001,2021-01-27 08:42:26.021,2,12902,1895,500,2,2
3232,2021012700010005658,0001,2021-01-27 08:42:26.021,2,350,3667,457,0,0
3233,2021012700010005659,0001,2021-01-27 08:42:26.021,2,2428,2732,591,0,0
3234,2021012700010005657,0001,2021-01-27 08:42:27.022,2,12854,1675,354,3,3
3235,2021012700010005658,0001,2021-01-27 08:42:27.022,2,1476,3294,489,0,0
3236,2021012700010005659,0001,2021-01-27 08:42:27.022,2,2998,2703,504,1,1
3237,2021012700010005660,0001,2021-01-27 08:42:27.022,2,3873,2645,607,0,0
3238,2021012700010005657,0001,2021-01-27 08:42:28.037,2,12854,1675,354,3,3
3239,2021012700010005658,0001,2021-01-27 08:42:28.037,2,2764,3063,498,0,0
3240,2021012700010005659,0001,2021-01-27 08:42:28.037,2,2998,2703,504,1,1
3241,2021012700010005660,0001,2021-01-27 08:42:28.037,2,5504,2612,564,0,0
3242,2021012700010005657,0001,2021-01-27 08:42:29.053,2,12854,1675,354,3,3
3243,2021012700010005658,0001,2021-01-27 08:42:29.053,2,4040,3080,583,1,1
3244,2021012700010005659,0001,2021-01-27 08:42:29.053,2,2998,2703,504,1,1
3245,2021012700010005660,0001,2021-01-27 08:42:29.053,2,6878,2502,575,0,0
3246,2021012700010005658,0001,2021-01-27 08:42:30.068,2,5286,2980,581,1,1
3247,2021012700010005660,0001,2021-01-27 08:42:30.068,2,8411,2411,611,1,1
3248,2021012700010005658,0001,2021-01-27 08:42:31.083,2,6509,2951,600,2,2
3249,2021012700010005660,0001,2021-01-27 08:42:31.083,2,9849,2340,583,1,1
3250,2021012700010005658,0001,2021-01-27 08:42:32.099,2,7769,2869,597,2,2
3251,2021012700010005660,0001,2021-01-27 08:42:32.099,2,11359,2248,651,2,2
3252,2021012700010005661,0001,2021-01-27 08:42:32.099,2,162,1900,677,0,0
3253,2021012700010005658,0001,2021-01-27 08:42:33.114,2,9068,2882,626,2,2
3254,2021012700010005660,0001,2021-01-27 08:42:33.114,2,12646,2030,618,2,2
3255,2021012700010005661,0001,2021-01-27 08:42:33.114,2,1217,1704,460,0,0
3256,2021012700010005658,0001,2021-01-27 08:42:34.129,2,10343,2822,588,3,3
3257,2021012700010005660,0001,2021-01-27 08:42:34.129,2,14217,1875,531,3,3
3258,2021012700010005661,0001,2021-01-27 08:42:34.129,2,2497,1771,523,0,0
3259,2021012700010005658,0001,2021-01-27 08:42:35.145,2,11588,2783,546,3,3
3260,2021012700010005661,0001,2021-01-27 08:42:35.145,2,3844,1963,730,1,1
3261,2021012700010005658,0001,2021-01-27 08:42:36.16,2,12769,2674,478,4,4
3262,2021012700010005661,0001,2021-01-27 08:42:36.16,2,5030,1839,712,1,1
3263,2021012700010005658,0001,2021-01-27 08:42:37.176,2,13959,2708,600,4,4
3264,2021012700010005661,0001,2021-01-27 08:42:37.176,2,6193,1854,676,2,2
3265,2021012700010005661,0001,2021-01-27 08:42:38.191,2,7429,1838,659,2,2
3266,2021012700010005661,0001,2021-01-27 08:42:39.207,2,8604,1810,654,2,2
3267,2021012700010005661,0001,2021-01-27 08:42:40.222,2,9808,1883,654,3,3
3268,2021012700010005661,0001,2021-01-27 08:42:41.237,2,11025,1894,684,3,3
3269,2021012700010005661,0001,2021-01-27 08:42:42.239,2,12298,1892,651,4,4
3270,2021012700010005661,0001,2021-01-27 08:42:43.254,2,13652,1918,603,4,4
3271,2021012700010005675,0001,2021-01-27 08:42:59.486,2,1202,3721,574,0,0
3272,2021012700010005675,0001,2021-01-27 08:43:00.501,2,2546,3757,575,0,0
3273,2021012700010005675,0001,2021-01-27 08:43:01.517,2,3909,3827,599,1,1
3274,2021012700010005678,0001,2021-01-27 08:43:01.517,2,622,3733,541,0,0
3275,2021012700010005675,0001,2021-01-27 08:43:02.532,2,5198,3899,595,1,1
3276,2021012700010005678,0001,2021-01-27 08:43:02.532,2,2071,3346,550,0,0
3277,2021012700010005675,0001,2021-01-27 08:43:03.548,2,6482,3893,597,2,2
3278,2021012700010005678,0001,2021-01-27 08:43:03.548,2,3631,3221,552,0,0
3279,2021012700010005675,0001,2021-01-27 08:43:04.563,2,7700,3731,525,2,2
3280,2021012700010005678,0001,2021-01-27 08:43:04.563,2,5047,2947,486,1,1
3281,2021012700010005675,0001,2021-01-27 08:43:05.578,2,9161,3694,574,2,2
3282,2021012700010005678,0001,2021-01-27 08:43:05.578,2,6700,2709,457,1,1
3283,2021012700010005680,0001,2021-01-27 08:43:05.578,2,7053,2668,377,0,0
3284,2021012700010005675,0001,2021-01-27 08:43:06.594,2,10436,3663,561,3,3
3285,2021012700010005678,0001,2021-01-27 08:43:06.594,2,6700,2709,457,2,2
3286,2021012700010005680,0001,2021-01-27 08:43:06.594,2,8222,2475,455,0,0
3287,2021012700010005681,0001,2021-01-27 08:43:06.594,2,8608,2479,438,0,0
3288,2021012700010005675,0001,2021-01-27 08:43:07.609,2,11609,3575,589,3,3
3289,2021012700010005678,0001,2021-01-27 08:43:07.609,2,6700,2709,457,2,2
3290,2021012700010005680,0001,2021-01-27 08:43:07.609,2,8222,2475,455,0,0
3291,2021012700010005681,0001,2021-01-27 08:43:07.609,2,9922,2364,672,0,0
3292,2021012700010005675,0001,2021-01-27 08:43:08.625,2,12927,3314,588,4,4
3293,2021012700010005678,0001,2021-01-27 08:43:08.625,2,6700,2709,457,2,2
3294,2021012700010005681,0001,2021-01-27 08:43:08.625,2,11620,2182,604,0,0
3295,2021012700010005675,0001,2021-01-27 08:43:09.64,2,14194,3186,507,4,4
3296,2021012700010005681,0001,2021-01-27 08:43:09.64,2,13318,1991,609,1,1
3297,2021012700010005690,0001,2021-01-27 08:43:29.932,2,13147,1614,694,0,0
3298,2021012700010005699,0001,2021-01-27 08:43:29.932,2,1365,2992,520,0,0
3299,2021012700010005690,0001,2021-01-27 08:43:30.947,2,11717,1568,670,0,0
3300,2021012700010005699,0001,2021-01-27 08:43:30.947,2,2998,2958,533,0,0
3301,2021012700010005690,0001,2021-01-27 08:43:31.963,2,10263,1580,725,1,1
3302,2021012700010005699,0001,2021-01-27 08:43:31.963,2,4655,3088,624,1,1
3303,2021012700010005690,0001,2021-01-27 08:43:32.978,2,8770,1468,700,1,1
3304,2021012700010005699,0001,2021-01-27 08:43:32.978,2,6260,3042,628,1,1
3305,2021012700010005702,0001,2021-01-27 08:43:32.978,2,993,4390,354,0,0
3306,2021012700010005690,0001,2021-01-27 08:43:33.993,2,7324,1343,693,1,1
3307,2021012700010005699,0001,2021-01-27 08:43:33.993,2,7782,2856,656,1,1
3308,2021012700010005702,0001,2021-01-27 08:43:33.993,2,2307,4593,536,0,0
3309,2021012700010005690,0001,2021-01-27 08:43:35.009,2,5872,1361,719,2,2
3310,2021012700010005699,0001,2021-01-27 08:43:35.009,2,9558,2664,637,2,2
3311,2021012700010005702,0001,2021-01-27 08:43:35.009,2,3461,4497,468,1,1
3312,2021012700010005690,0001,2021-01-27 08:43:36.024,2,4414,1401,736,2,2
3313,2021012700010005693,0001,2021-01-27 08:43:36.024,2,40,4380,468,0,0
3314,2021012700010005699,0001,2021-01-27 08:43:36.024,2,11180,2527,592,2,2
3315,2021012700010005702,0001,2021-01-27 08:43:36.024,2,4756,4460,501,1,1
3316,2021012700010005705,0001,2021-01-27 08:43:36.024,2,431,2339,402,0,0
3317,2021012700010005690,0001,2021-01-27 08:43:37.039,2,2919,1486,688,3,3
3318,2021012700010005693,0001,2021-01-27 08:43:37.039,2,994,4305,463,0,0
3319,2021012700010005699,0001,2021-01-27 08:43:37.039,2,12681,2324,655,3,3
3320,2021012700010005702,0001,2021-01-27 08:43:37.039,2,6032,4407,542,1,1
3321,2021012700010005705,0001,2021-01-27 08:43:37.039,2,1891,2300,494,0,0
3322,2021012700010005690,0001,2021-01-27 08:43:38.055,2,1458,1583,684,3,3
3323,2021012700010005693,0001,2021-01-27 08:43:38.055,2,1926,4254,469,0,0
3324,2021012700010005702,0001,2021-01-27 08:43:38.055,2,7339,4379,547,2,2
3325,2021012700010005705,0001,2021-01-27 08:43:38.055,2,3425,2284,546,0,0
3326,2021012700010005693,0001,2021-01-27 08:43:39.07,2,2792,4203,471,1,1
3327,2021012700010005702,0001,2021-01-27 08:43:39.07,2,8604,4309,574,2,2
3328,2021012700010005705,0001,2021-01-27 08:43:39.07,2,4835,2205,561,1,1
3329,2021012700010005693,0001,2021-01-27 08:43:40.086,2,3722,4175,509,1,1
3330,2021012700010005702,0001,2021-01-27 08:43:40.086,2,9813,4218,590,3,3
3331,2021012700010005705,0001,2021-01-27 08:43:40.086,2,6275,2146,550,1,1
3332,2021012700010005693,0001,2021-01-27 08:43:41.101,2,4723,4145,501,2,2
3333,2021012700010005702,0001,2021-01-27 08:43:41.101,2,11151,4087,580,3,3
3334,2021012700010005705,0001,2021-01-27 08:43:41.101,2,7859,2031,567,2,2
3335,2021012700010005693,0001,2021-01-27 08:43:42.102,2,5658,3913,582,2,2
3336,2021012700010005702,0001,2021-01-27 08:43:42.102,2,12443,3962,554,3,3
3337,2021012700010005705,0001,2021-01-27 08:43:42.102,2,9275,1972,584,2,2
3338,2021012700010005693,0001,2021-01-27 08:43:43.118,2,6434,3477,503,2,2
3339,2021012700010005702,0001,2021-01-27 08:43:43.118,2,13650,3902,414,4,4
3340,2021012700010005705,0001,2021-01-27 08:43:43.118,2,10642,1950,543,2,2
3341,2021012700010005693,0001,2021-01-27 08:43:44.133,2,7389,3220,728,3,3
3342,2021012700010005705,0001,2021-01-27 08:43:44.133,2,12254,2001,409,3,3
3343,2021012700010005693,0001,2021-01-27 08:43:45.149,2,8307,2926,764,3,3
3344,2021012700010005705,0001,2021-01-27 08:43:45.149,2,13744,2133,381,3,3
3345,2021012700010005693,0001,2021-01-27 08:43:46.164,2,9217,2668,747,4,4
3346,2021012700010005693,0001,2021-01-27 08:43:47.179,2,10210,2455,769,4,4
3347,2021012700010005693,0001,2021-01-27 08:43:48.195,2,11195,2281,748,4,4
3348,2021012700010005693,0001,2021-01-27 08:43:49.21,2,12118,2139,693,5,5
3349,2021012700010005693,0001,2021-01-27 08:43:50.225,2,13032,1920,664,5,5
3350,2021012700010005711,0001,2021-01-27 08:43:50.225,2,774,3719,485,0,0
3351,2021012700010005693,0001,2021-01-27 08:43:51.241,2,13932,1622,746,6,6
3352,2021012700010005711,0001,2021-01-27 08:43:51.241,2,2100,3781,511,0,0
3353,2021012700010005711,0001,2021-01-27 08:43:52.256,2,3463,3746,402,1,1
3354,2021012700010005711,0001,2021-01-27 08:43:53.272,2,4692,3652,418,1,1
3355,2021012700010005711,0001,2021-01-27 08:43:54.287,2,6044,3672,519,1,1
3356,2021012700010005711,0001,2021-01-27 08:43:55.302,2,7329,3579,525,2,2
3357,2021012700010005711,0001,2021-01-27 08:43:56.318,2,8627,3488,611,2,2
3358,2021012700010005711,0001,2021-01-27 08:43:57.319,2,9897,3360,645,3,3
3359,2021012700010005711,0001,2021-01-27 08:43:58.335,2,11284,3209,667,3,3
3360,2021012700010005711,0001,2021-01-27 08:43:59.35,2,12664,3187,628,3,3
3361,2021012700010005711,0001,2021-01-27 08:44:00.365,2,13958,3159,637,4,4
3362,2021012700010005693,0001,2021-01-27 08:44:02.396,2,13510,562,784,0,0
3363,2021012700010005693,0001,2021-01-27 08:44:03.411,2,12538,632,741,0,0
3364,2021012700010005693,0001,2021-01-27 08:44:04.427,2,11577,558,729,1,1
3365,2021012700010005693,0001,2021-01-27 08:44:05.442,2,10579,534,721,1,1
3366,2021012700010005693,0001,2021-01-27 08:44:06.458,2,9648,551,790,1,1
3367,2021012700010005693,0001,2021-01-27 08:44:07.473,2,8748,557,814,2,2
3368,2021012700010005693,0001,2021-01-27 08:44:08.489,2,7838,599,789,2,2
3369,2021012700010005693,0001,2021-01-27 08:44:09.504,2,6872,599,786,3,3
3370,2021012700010005693,0001,2021-01-27 08:44:10.519,2,5966,733,631,3,3
3371,2021012700010005693,0001,2021-01-27 08:44:11.535,2,4933,567,752,3,3
3372,2021012700010005714,0001,2021-01-27 08:44:11.535,2,755,2460,508,0,0
3373,2021012700010005693,0001,2021-01-27 08:44:12.536,2,3983,460,718,4,4
3374,2021012700010005714,0001,2021-01-27 08:44:12.536,2,1847,2420,475,0,0
3375,2021012700010005693,0001,2021-01-27 08:44:13.551,2,3024,464,682,4,4
3376,2021012700010005714,0001,2021-01-27 08:44:13.551,2,3031,2446,525,1,1
3377,2021012700010005693,0001,2021-01-27 08:44:14.567,2,2171,543,703,5,5
3378,2021012700010005714,0001,2021-01-27 08:44:14.567,2,4219,2563,484,1,1
3379,2021012700010005693,0001,2021-01-27 08:44:15.582,2,1227,625,624,5,5
3380,2021012700010005714,0001,2021-01-27 08:44:15.582,2,5513,2532,557,1,1
3381,2021012700010005693,0001,2021-01-27 08:44:16.598,2,237,533,466,6,6
3382,2021012700010005714,0001,2021-01-27 08:44:16.598,2,6662,2557,498,2,2
3383,2021012700010005714,0001,2021-01-27 08:44:17.613,2,7703,2485,462,2,2
3384,2021012700010005714,0001,2021-01-27 08:44:18.628,2,8938,2375,527,3,3
3385,2021012700010005714,0001,2021-01-27 08:44:19.644,2,10093,2377,454,3,3
3386,2021012700010005714,0001,2021-01-27 08:44:20.659,2,11181,2378,533,3,3
3387,2021012700010005719,0001,2021-01-27 08:44:20.659,2,540,3628,660,0,0
3388,2021012700010005714,0001,2021-01-27 08:44:21.675,2,12469,2259,519,4,4
3389,2021012700010005719,0001,2021-01-27 08:44:21.675,2,2148,3483,729,0,0
3390,2021012700010005714,0001,2021-01-27 08:44:22.69,2,13704,2430,472,4,4
3391,2021012700010005719,0001,2021-01-27 08:44:22.69,2,3652,3329,714,0,0
3392,2021012700010005719,0001,2021-01-27 08:44:23.705,2,5091,3235,774,1,1
3393,2021012700010005722,0001,2021-01-27 08:44:23.705,2,5211,3235,688,0,0
3394,2021012700010005719,0001,2021-01-27 08:44:24.721,2,5777,3333,689,1,1
3395,2021012700010005722,0001,2021-01-27 08:44:24.721,2,6435,3221,527,0,0
3396,2021012700010005723,0001,2021-01-27 08:44:24.721,2,6801,3166,693,0,0
3397,2021012700010005719,0001,2021-01-27 08:44:25.736,2,5777,3333,689,2,2
3398,2021012700010005723,0001,2021-01-27 08:44:25.736,2,8451,3156,657,0,0
3399,2021012700010005719,0001,2021-01-27 08:44:26.752,2,5777,3333,689,2,2
3400,2021012700010005723,0001,2021-01-27 08:44:26.752,2,9970,3162,669,0,0
3401,2021012700010005723,0001,2021-01-27 08:44:27.753,2,11703,3284,689,1,1
3402,2021012700010005723,0001,2021-01-27 08:44:28.768,2,13114,3184,682,1,1
3403,2021012700010005724,0001,2021-01-27 08:44:29.784,2,279,3490,820,0,0
3404,2021012700010005724,0001,2021-01-27 08:44:30.799,2,1796,3830,572,0,0
3405,2021012700010005724,0001,2021-01-27 08:44:31.814,2,3270,3930,537,0,0
3406,2021012700010005724,0001,2021-01-27 08:44:32.83,2,4730,4002,543,1,1
3407,2021012700010005730,0001,2021-01-27 08:44:32.83,2,5064,4001,740,0,0
3408,2021012700010005724,0001,2021-01-27 08:44:33.845,2,6249,3979,523,1,1
3409,2021012700010005732,0001,2021-01-27 08:44:33.845,2,6627,3978,723,0,0
3410,2021012700010005724,0001,2021-01-27 08:44:34.86,2,6506,3985,538,2,2
3411,2021012700010005732,0001,2021-01-27 08:44:34.86,2,7910,3985,550,0,0
3412,2021012700010005734,0001,2021-01-27 08:44:34.86,2,8220,3968,732,0,0
3413,2021012700010005724,0001,2021-01-27 08:44:35.876,2,6506,3985,538,2,2
3414,2021012700010005734,0001,2021-01-27 08:44:35.876,2,9453,4037,584,0,0
3415,2021012700010005724,0001,2021-01-27 08:44:36.891,2,6506,3985,538,2,2
3416,2021012700010005734,0001,2021-01-27 08:44:36.891,2,10886,3934,559,0,0
3417,2021012700010005734,0001,2021-01-27 08:44:37.907,2,12591,3867,537,1,1
3418,2021012700010005734,0001,2021-01-27 08:44:38.922,2,14007,3971,356,1,1
3419,2021012700010005734,0001,2021-01-27 08:44:39.937,2,14007,3971,356,1,1
3420,2021012700010005734,0001,2021-01-27 08:44:40.953,2,14007,3971,356,2,2
3421,2021012700010005734,0001,2021-01-27 08:44:41.954,2,14007,3971,356,2,2
3422,2021012700010005741,0001,2021-01-27 08:44:46.016,2,771,3602,439,0,0
3423,2021012700010005741,0001,2021-01-27 08:44:47.031,2,2239,3689,452,0,0
3424,2021012700010005741,0001,2021-01-27 08:44:48.046,2,3735,3708,486,1,1
3425,2021012700010005741,0001,2021-01-27 08:44:49.062,2,5193,3764,622,1,1
3426,2021012700010005741,0001,2021-01-27 08:44:50.077,2,6725,3715,640,1,1
3427,2021012700010005741,0001,2021-01-27 08:44:51.093,2,8201,3698,670,2,2
3428,2021012700010005741,0001,2021-01-27 08:44:52.108,2,9777,3634,622,2,2
3429,2021012700010005741,0001,2021-01-27 08:44:53.123,2,11316,3515,639,3,3
3430,2021012700010005741,0001,2021-01-27 08:44:54.139,2,12812,3402,637,3,3
3431,2021012700010005749,0001,2021-01-27 08:45:12.385,2,12988,3225,483,0,0
3432,2021012700010005749,0001,2021-01-27 08:45:13.4,2,11672,3346,529,0,0
3433,2021012700010005749,0001,2021-01-27 08:45:14.415,2,10155,3349,474,1,1
3434,2021012700010005749,0001,2021-01-27 08:45:15.431,2,8856,3334,544,1,1
3435,2021012700010005749,0001,2021-01-27 08:45:16.446,2,7388,3310,539,1,1
3436,2021012700010005749,0001,2021-01-27 08:45:17.462,2,5981,3318,552,2,2
3437,2021012700010005749,0001,2021-01-27 08:45:18.477,2,4559,3410,544,2,2
3438,2021012700010005749,0001,2021-01-27 08:45:19.492,2,3125,3550,520,3,3
3439,2021012700010005749,0001,2021-01-27 08:45:20.507,2,1758,3878,531,3,3
3440,2021012700010005749,0001,2021-01-27 08:45:21.523,2,475,4174,367,4,4
3441,2021012700010005759,0001,2021-01-27 08:45:23.554,2,48,2165,570,0,0
3442,2021012700010005759,0001,2021-01-27 08:45:24.569,2,1331,1992,543,0,0
3443,2021012700010005764,0001,2021-01-27 08:45:24.569,2,1257,3923,507,0,0
3444,2021012700010005759,0001,2021-01-27 08:45:25.585,2,2544,1789,586,0,0
3445,2021012700010005762,0001,2021-01-27 08:45:25.585,2,1135,2817,431,0,0
3446,2021012700010005764,0001,2021-01-27 08:45:25.585,2,2980,3879,559,0,0
3447,2021012700010005759,0001,2021-01-27 08:45:26.6,2,3813,1579,577,1,1
3448,2021012700010005762,0001,2021-01-27 08:45:26.6,2,2540,2929,471,0,0
3449,2021012700010005764,0001,2021-01-27 08:45:26.6,2,4642,3717,594,1,1
3450,2021012700010005759,0001,2021-01-27 08:45:27.601,2,5161,1464,553,1,1
3451,2021012700010005762,0001,2021-01-27 08:45:27.601,2,3905,2933,465,1,1
3452,2021012700010005764,0001,2021-01-27 08:45:27.601,2,6328,3605,625,1,1
3453,2021012700010005759,0001,2021-01-27 08:45:28.617,2,6209,1459,432,2,2
3454,2021012700010005762,0001,2021-01-27 08:45:28.617,2,5221,2854,578,1,1
3455,2021012700010005764,0001,2021-01-27 08:45:28.617,2,7957,3444,622,1,1
3456,2021012700010005768,0001,2021-01-27 08:45:28.617,2,6414,1387,624,0,0
3457,2021012700010005759,0001,2021-01-27 08:45:29.632,2,6209,1459,432,2,2
3458,2021012700010005762,0001,2021-01-27 08:45:29.632,2,6755,2934,531,1,1
3459,2021012700010005764,0001,2021-01-27 08:45:29.632,2,9955,3286,617,2,2
3460,2021012700010005768,0001,2021-01-27 08:45:29.632,2,7853,1328,560,0,0
3461,2021012700010005759,0001,2021-01-27 08:45:30.648,2,6209,1459,432,2,2
3462,2021012700010005762,0001,2021-01-27 08:45:30.648,2,8104,2926,522,2,2
3463,2021012700010005764,0001,2021-01-27 08:45:30.648,2,11677,3076,569,2,2
3464,2021012700010005766,0001,2021-01-27 08:45:30.648,2,1170,3573,537,0,0
3465,2021012700010005768,0001,2021-01-27 08:45:30.648,2,9183,1305,631,0,0
3466,2021012700010005759,0001,2021-01-27 08:45:31.663,2,6209,1459,432,3,3
3467,2021012700010005762,0001,2021-01-27 08:45:31.663,2,8813,2925,542,2,2
3468,2021012700010005764,0001,2021-01-27 08:45:31.663,2,12574,3019,573,2,2
3469,2021012700010005766,0001,2021-01-27 08:45:31.663,2,1807,3222,497,0,0
3470,2021012700010005768,0001,2021-01-27 08:45:31.663,2,9732,1364,553,1,1
3471,2021012700010005769,0001,2021-01-27 08:45:31.663,2,9954,1512,476,0,0
3472,2021012700010005759,0001,2021-01-27 08:45:33.694,1,6209,1459,432,3,3
3473,2021012700010005762,0001,2021-01-27 08:45:33.694,1,8813,2925,542,2,2
3474,2021012700010005764,0001,2021-01-27 08:45:33.694,1,12574,3019,573,3,3
3475,2021012700010005766,0001,2021-01-27 08:45:33.694,1,1807,3222,497,0,0
3476,2021012700010005768,0001,2021-01-27 08:45:33.694,1,9732,1364,553,1,1
3477,2021012700010005770,0001,2021-01-27 08:45:33.694,1,13089,1287,753,0,0
3478,2021012700010005771,0001,2021-01-27 08:45:33.694,1,5309,1683,519,0,0
3479,2021012700010005762,0001,2021-01-27 08:45:34.709,1,8813,2925,542,3,3
3480,2021012700010005764,0001,2021-01-27 08:45:34.709,1,12412,2749,587,3,3
3481,2021012700010005766,0001,2021-01-27 08:45:34.709,1,1807,3222,497,1,1
3482,2021012700010005768,0001,2021-01-27 08:45:34.709,1,9732,1364,553,1,1
3483,2021012700010005771,0001,2021-01-27 08:45:34.709,1,6797,1428,578,0,0
3484,2021012700010005762,0001,2021-01-27 08:45:35.724,1,8813,2925,542,3,3
3485,2021012700010005764,0001,2021-01-27 08:45:35.724,1,12412,2749,587,3,3
3486,2021012700010005766,0001,2021-01-27 08:45:35.724,1,1807,3222,497,1,1
3487,2021012700010005768,0001,2021-01-27 08:45:35.724,1,9732,1364,553,2,2
3488,2021012700010005771,0001,2021-01-27 08:45:35.724,1,8320,1355,590,0,0
3489,2021012700010005771,0001,2021-01-27 08:45:36.74,1,9823,1315,563,1,1
3490,2021012700010005771,0001,2021-01-27 08:45:37.755,1,11463,1280,553,1,1
3491,2021012700010005771,0001,2021-01-27 08:45:38.771,1,12378,1273,597,1,1
3492,2021012700010005771,0001,2021-01-27 08:45:39.786,2,12378,1273,597,2,2
3493,2021012700010005771,0001,2021-01-27 08:45:40.801,2,12378,1273,597,2,2
3494,2021012700010005779,0001,2021-01-27 08:45:40.801,2,1335,3428,476,0,0
3495,2021012700010005771,0001,2021-01-27 08:45:41.814,2,12378,1273,597,3,3
3496,2021012700010005779,0001,2021-01-27 08:45:41.814,2,2779,3499,711,0,0
3497,2021012700010005779,0001,2021-01-27 08:45:42.829,2,4435,3699,676,1,1
3498,2021012700010005779,0001,2021-01-27 08:45:43.845,2,5985,3876,680,1,1
3499,2021012700010005779,0001,2021-01-27 08:45:44.86,2,7535,3991,648,1,1
3500,2021012700010005779,0001,2021-01-27 08:45:45.876,2,8993,3959,472,2,2
3501,2021012700010005779,0001,2021-01-27 08:45:46.891,2,9170,3940,450,2,2
3502,2021012700010005791,0001,2021-01-27 08:45:46.891,2,10904,3910,544,0,0
3503,2021012700010005779,0001,2021-01-27 08:45:47.906,2,9170,3940,450,3,3
3504,2021012700010005788,0001,2021-01-27 08:45:47.906,2,389,2918,555,0,0
3505,2021012700010005791,0001,2021-01-27 08:45:47.906,2,12438,3800,541,0,0
3506,2021012700010005793,0001,2021-01-27 08:45:47.906,2,618,4350,658,0,0
3507,2021012700010005779,0001,2021-01-27 08:45:48.922,2,9170,3940,450,3,3
3508,2021012700010005788,0001,2021-01-27 08:45:48.922,2,1620,2820,527,0,0
3509,2021012700010005791,0001,2021-01-27 08:45:48.922,2,13851,3738,368,1,1
3510,2021012700010005792,0001,2021-01-27 08:45:48.922,2,249,1688,394,0,0
3511,2021012700010005793,0001,2021-01-27 08:45:48.922,2,2306,4400,682,0,0
3512,2021012700010005788,0001,2021-01-27 08:45:49.937,2,3210,2737,500,0,0
3513,2021012700010005790,0001,2021-01-27 08:45:49.937,2,387,4286,383,0,0
3514,2021012700010005792,0001,2021-01-27 08:45:49.937,2,2076,1635,610,0,0
3515,2021012700010005793,0001,2021-01-27 08:45:49.937,2,3809,4448,662,0,0
3516,2021012700010005788,0001,2021-01-27 08:45:50.952,2,4288,2677,492,1,1
3517,2021012700010005790,0001,2021-01-27 08:45:50.952,2,1612,4013,537,0,0
3518,2021012700010005792,0001,2021-01-27 08:45:50.952,2,3657,1469,604,0,0
3519,2021012700010005793,0001,2021-01-27 08:45:50.952,2,5469,4531,593,1,1
3520,2021012700010005804,0001,2021-01-27 08:45:50.952,2,5751,4646,719,0,0
3521,2021012700010005788,0001,2021-01-27 08:45:51.968,2,5731,2714,542,1,1
3522,2021012700010005790,0001,2021-01-27 08:45:51.968,2,2887,3843,570,0,0
3523,2021012700010005792,0001,2021-01-27 08:45:51.968,2,5246,1406,665,1,1
3524,2021012700010005793,0001,2021-01-27 08:45:51.968,2,7309,4521,601,1,1
3525,2021012700010005796,0001,2021-01-27 08:45:51.968,2,540,2375,611,0,0
3526,2021012700010005797,0001,2021-01-27 08:45:51.968,2,341,1291,371,0,0
3527,2021012700010005788,0001,2021-01-27 08:45:52.983,2,7162,2783,485,2,2
3528,2021012700010005790,0001,2021-01-27 08:45:52.983,2,4213,3668,564,1,1
3529,2021012700010005792,0001,2021-01-27 08:45:52.983,2,6842,1443,730,1,1
3530,2021012700010005793,0001,2021-01-27 08:45:52.983,2,8999,4315,487,2,2
3531,2021012700010005796,0001,2021-01-27 08:45:52.983,2,1902,2506,553,0,0
3532,2021012700010005797,0001,2021-01-27 08:45:52.983,2,2201,1425,587,0,0
3533,2021012700010005809,0001,2021-01-27 08:45:52.983,2,2234,4062,507,0,0
3534,2021012700010005788,0001,2021-01-27 08:45:53.999,2,8747,2903,506,2,2
3535,2021012700010005790,0001,2021-01-27 08:45:53.999,2,5426,3508,426,1,1
3536,2021012700010005792,0001,2021-01-27 08:45:53.999,2,8404,1449,721,2,2
3537,2021012700010005793,0001,2021-01-27 08:45:53.999,2,10921,4389,702,2,2
3538,2021012700010005795,0001,2021-01-27 08:45:53.999,2,441,4202,406,0,0
3539,2021012700010005796,0001,2021-01-27 08:45:53.999,2,3058,2433,511,0,0
3540,2021012700010005797,0001,2021-01-27 08:45:53.999,2,3866,1487,549,0,0
3541,2021012700010005809,0001,2021-01-27 08:45:53.999,2,3668,4101,602,0,0
3542,2021012700010005810,0001,2021-01-27 08:45:53.999,2,1443,2667,375,0,0
3543,2021012700010005788,0001,2021-01-27 08:45:55.014,2,9839,2822,380,2,2
3544,2021012700010005790,0001,2021-01-27 08:45:55.014,2,5462,3480,397,2,2
3545,2021012700010005792,0001,2021-01-27 08:45:55.014,2,9938,1488,736,2,2
3546,2021012700010005793,0001,2021-01-27 08:45:55.014,2,12689,4174,670,2,2
3547,2021012700010005795,0001,2021-01-27 08:45:55.014,2,1715,4231,456,0,0
3548,2021012700010005796,0001,2021-01-27 08:45:55.014,2,4375,2409,639,1,1
3549,2021012700010005797,0001,2021-01-27 08:45:55.014,2,5446,1436,555,1,1
3550,2021012700010005809,0001,2021-01-27 08:45:55.014,2,5242,4208,592,0,0
3551,2021012700010005810,0001,2021-01-27 08:45:55.014,2,2897,2649,405,0,0
3552,2021012700010005788,0001,2021-01-27 08:45:56.029,2,9839,2822,380,3,3
3553,2021012700010005790,0001,2021-01-27 08:45:56.029,2,5462,3480,397,2,2
3554,2021012700010005792,0001,2021-01-27 08:45:56.029,2,11597,1553,673,2,2
3555,2021012700010005793,0001,2021-01-27 08:45:56.029,2,14239,4067,580,3,3
3556,2021012700010005795,0001,2021-01-27 08:45:56.029,2,2985,4097,475,0,0
3557,2021012700010005796,0001,2021-01-27 08:45:56.029,2,5712,2233,620,1,1
3558,2021012700010005797,0001,2021-01-27 08:45:56.029,2,7145,1437,540,1,1
3559,2021012700010005807,0001,2021-01-27 08:45:56.029,2,172,3342,416,0,0
3560,2021012700010005809,0001,2021-01-27 08:45:56.029,2,6708,4280,595,1,1
3561,2021012700010005810,0001,2021-01-27 08:45:56.029,2,4299,2627,484,0,0
3562,2021012700010005811,0001,2021-01-27 08:45:56.029,2,7963,3413,491,0,0
3563,2021012700010005812,0001,2021-01-27 08:45:56.029,2,11366,2764,525,0,0
3564,2021012700010005788,0001,2021-01-27 08:45:57.031,2,9839,2822,380,3,3
3565,2021012700010005790,0001,2021-01-27 08:45:57.031,2,5462,3480,397,2,2
3566,2021012700010005792,0001,2021-01-27 08:45:57.031,2,12135,1626,489,3,3
3567,2021012700010005795,0001,2021-01-27 08:45:57.031,2,4231,3987,511,1,1
3568,2021012700010005796,0001,2021-01-27 08:45:57.031,2,6963,2061,636,2,2
3569,2021012700010005797,0001,2021-01-27 08:45:57.031,2,8677,1568,540,2,2
3570,2021012700010005807,0001,2021-01-27 08:45:57.031,2,1467,3464,586,0,0
3571,2021012700010005809,0001,2021-01-27 08:45:57.031,2,8061,4380,601,1,1
3572,2021012700010005810,0001,2021-01-27 08:45:57.031,2,5571,2572,495,1,1
3573,2021012700010005811,0001,2021-01-27 08:45:57.031,2,9161,3381,449,0,0
3574,2021012700010005812,0001,2021-01-27 08:45:57.031,2,12860,2788,500,0,0
3575,2021012700010005813,0001,2021-01-27 08:45:57.031,2,13151,1615,699,0,0
3576,2021012700010005788,0001,2021-01-27 08:45:58.046,2,9839,2822,380,3,3
3577,2021012700010005790,0001,2021-01-27 08:45:58.046,2,5462,3480,397,3,3
3578,2021012700010005792,0001,2021-01-27 08:45:58.046,2,12135,1626,489,3,3
3579,2021012700010005795,0001,2021-01-27 08:45:58.046,2,4432,3995,497,1,1
3580,2021012700010005796,0001,2021-01-27 08:45:58.046,2,7102,2021,682,2,2
3581,2021012700010005797,0001,2021-01-27 08:45:58.046,2,8915,1592,592,2,2
3582,2021012700010005807,0001,2021-01-27 08:45:58.046,2,1676,3478,565,0,0
3583,2021012700010005809,0001,2021-01-27 08:45:58.046,2,8276,4404,561,1,1
3584,2021012700010005810,0001,2021-01-27 08:45:58.046,2,5744,2590,514,1,1
3585,2021012700010005811,0001,2021-01-27 08:45:58.046,2,9277,3333,484,0,0
3586,2021012700010005812,0001,2021-01-27 08:45:58.046,2,13043,2818,517,0,0
3587,2021012700010005813,0001,2021-01-27 08:45:58.046,2,13440,1522,508,0,0
3588,2021012700010005792,0001,2021-01-27 08:46:00.077,1,13087,1606,576,3,3
3589,2021012700010005795,0001,2021-01-27 08:46:00.077,1,5639,3277,629,1,1
3590,2021012700010005796,0001,2021-01-27 08:46:00.077,1,7102,2021,682,2,2
3591,2021012700010005797,0001,2021-01-27 08:46:00.077,1,8915,1592,592,2,2
3592,2021012700010005807,0001,2021-01-27 08:46:00.077,1,1676,3478,565,0,0
3593,2021012700010005809,0001,2021-01-27 08:46:00.077,1,8276,4404,561,2,2
3594,2021012700010005810,0001,2021-01-27 08:46:00.077,1,5744,2590,514,1,1
3595,2021012700010005811,0001,2021-01-27 08:46:00.077,1,9277,3333,484,1,1
3596,2021012700010005812,0001,2021-01-27 08:46:00.077,1,13043,2818,517,0,0
3597,2021012700010005814,0001,2021-01-27 08:46:00.077,1,11616,480,569,0,0
3598,2021012700010005815,0001,2021-01-27 08:46:00.077,1,11054,1973,637,0,0
3599,2021012700010005816,0001,2021-01-27 08:46:00.077,1,13252,3059,594,0,0
3600,2021012700010005817,0001,2021-01-27 08:46:00.077,1,9639,2718,525,0,0
3601,2021012700010005818,0001,2021-01-27 08:46:00.077,1,8187,3951,581,0,0
3602,2021012700010005819,0001,2021-01-27 08:46:00.077,1,12495,4244,626,0,0
3603,2021012700010005792,0001,2021-01-27 08:46:01.092,1,13087,1606,576,4,4
3604,2021012700010005795,0001,2021-01-27 08:46:01.092,1,6977,3220,629,2,2
3605,2021012700010005796,0001,2021-01-27 08:46:01.092,1,7102,2021,682,2,2
3606,2021012700010005797,0001,2021-01-27 08:46:01.092,1,8915,1592,592,2,2
3607,2021012700010005807,0001,2021-01-27 08:46:01.092,1,1676,3478,565,1,1
3608,2021012700010005809,0001,2021-01-27 08:46:01.092,1,8276,4404,561,2,2
3609,2021012700010005810,0001,2021-01-27 08:46:01.092,1,5744,2590,514,2,2
3610,2021012700010005811,0001,2021-01-27 08:46:01.092,1,9277,3333,484,1,1
3611,2021012700010005814,0001,2021-01-27 08:46:01.092,1,10510,526,609,0,0
3612,2021012700010005815,0001,2021-01-27 08:46:01.092,1,12328,1979,603,0,0
3613,2021012700010005817,0001,2021-01-27 08:46:01.092,1,10951,2806,542,0,0
3614,2021012700010005818,0001,2021-01-27 08:46:01.092,1,8729,3886,416,0,0
3615,2021012700010005792,0001,2021-01-27 08:46:02.108,1,13087,1606,576,4,4
3616,2021012700010005795,0001,2021-01-27 08:46:02.108,1,8446,3203,654,2,2
3617,2021012700010005796,0001,2021-01-27 08:46:02.108,1,7102,2021,682,3,3
3618,2021012700010005797,0001,2021-01-27 08:46:02.108,1,8915,1592,592,3,3
3619,2021012700010005807,0001,2021-01-27 08:46:02.108,1,1676,3478,565,1,1
3620,2021012700010005809,0001,2021-01-27 08:46:02.108,1,8276,4404,561,2,2
3621,2021012700010005810,0001,2021-01-27 08:46:02.108,1,5744,2590,514,2,2
3622,2021012700010005814,0001,2021-01-27 08:46:02.108,1,9147,500,531,1,1
3623,2021012700010005815,0001,2021-01-27 08:46:02.108,1,13701,1983,636,1,1
3624,2021012700010005817,0001,2021-01-27 08:46:02.108,1,12357,2853,557,1,1
3625,2021012700010005795,0001,2021-01-27 08:46:03.123,1,9803,3187,643,2,2
3626,2021012700010005814,0001,2021-01-27 08:46:03.123,1,8068,473,610,1,1
3627,2021012700010005815,0001,2021-01-27 08:46:03.123,1,13499,2746,601,1,1
3628,2021012700010005817,0001,2021-01-27 08:46:03.123,1,12445,2816,556,1,1
3629,2021012700010005795,0001,2021-01-27 08:46:04.138,1,11170,3098,614,3,3
3630,2021012700010005814,0001,2021-01-27 08:46:04.138,1,7021,456,639,1,1
3631,2021012700010005815,0001,2021-01-27 08:46:04.138,1,13499,2746,601,1,1
3632,2021012700010005820,0001,2021-01-27 08:46:04.138,1,3,3309,468,0,0
3633,2021012700010005795,0001,2021-01-27 08:46:05.154,2,11531,3117,577,3,3
3634,2021012700010005814,0001,2021-01-27 08:46:05.154,2,6807,487,648,1,1
3635,2021012700010005815,0001,2021-01-27 08:46:05.154,2,13499,2746,601,1,1
3636,2021012700010005820,0001,2021-01-27 08:46:05.154,2,246,3420,520,0,0
3637,2021012700010005795,0001,2021-01-27 08:46:06.169,2,11531,3117,577,3,3
3638,2021012700010005814,0001,2021-01-27 08:46:06.169,2,6807,487,648,2,2
3639,2021012700010005820,0001,2021-01-27 08:46:06.169,2,246,3420,520,0,0
3640,2021012700010005822,0001,2021-01-27 08:46:06.169,2,4735,532,657,0,0
3641,2021012700010005823,0001,2021-01-27 08:46:06.169,2,14037,2977,436,0,0
3642,2021012700010005824,0001,2021-01-27 08:46:06.169,2,2622,3510,789,0,0
3643,2021012700010005825,0001,2021-01-27 08:46:06.169,2,2540,4537,454,0,0
3644,2021012700010005795,0001,2021-01-27 08:46:07.185,2,11531,3117,577,4,4
3645,2021012700010005814,0001,2021-01-27 08:46:07.185,2,6807,487,648,2,2
3646,2021012700010005820,0001,2021-01-27 08:46:07.185,2,246,3420,520,0,0
3647,2021012700010005822,0001,2021-01-27 08:46:07.185,2,3622,543,639,0,0
3648,2021012700010005824,0001,2021-01-27 08:46:07.185,2,3789,3505,630,0,0
3649,2021012700010005825,0001,2021-01-27 08:46:07.185,2,4086,4507,544,0,0
3650,2021012700010005795,0001,2021-01-27 08:46:08.2,2,11531,3117,577,4,4
3651,2021012700010005814,0001,2021-01-27 08:46:08.2,2,6807,487,648,3,3
3652,2021012700010005820,0001,2021-01-27 08:46:08.2,2,246,3420,520,1,1
3653,2021012700010005822,0001,2021-01-27 08:46:08.2,2,2514,574,639,1,1
3654,2021012700010005824,0001,2021-01-27 08:46:08.2,2,4955,3393,517,1,1
3655,2021012700010005825,0001,2021-01-27 08:46:08.2,2,5540,4351,405,1,1
3656,2021012700010005832,0001,2021-01-27 08:46:08.2,2,5838,4316,632,0,0
3657,2021012700010005822,0001,2021-01-27 08:46:09.215,2,1290,603,627,1,1
3658,2021012700010005824,0001,2021-01-27 08:46:09.215,2,6264,3219,645,1,1
3659,2021012700010005825,0001,2021-01-27 08:46:09.215,2,5540,4351,405,1,1
3660,2021012700010005832,0001,2021-01-27 08:46:09.215,2,7404,4141,664,0,0
3661,2021012700010005824,0001,2021-01-27 08:46:10.23,2,7362,2995,534,1,1
3662,2021012700010005825,0001,2021-01-27 08:46:10.23,2,5540,4351,405,1,1
3663,2021012700010005832,0001,2021-01-27 08:46:10.23,2,9071,3990,643,0,0
3664,2021012700010005824,0001,2021-01-27 08:46:11.246,2,8002,2913,387,2,2
3665,2021012700010005832,0001,2021-01-27 08:46:11.246,2,10526,3859,512,1,1
3666,2021012700010005833,0001,2021-01-27 08:46:11.246,2,8532,2921,588,0,0
3667,2021012700010005824,0001,2021-01-27 08:46:12.247,2,8002,2913,387,2,2
3668,2021012700010005832,0001,2021-01-27 08:46:12.247,2,12073,3680,656,1,1
3669,2021012700010005833,0001,2021-01-27 08:46:12.247,2,9729,2839,665,0,0
3670,2021012700010005824,0001,2021-01-27 08:46:13.263,2,8002,2913,387,3,3
3671,2021012700010005831,0001,2021-01-27 08:46:13.263,2,163,3353,588,0,0
3672,2021012700010005832,0001,2021-01-27 08:46:13.263,2,13594,3666,464,1,1
3673,2021012700010005833,0001,2021-01-27 08:46:13.263,2,11159,2810,589,0,0
3674,2021012700010005831,0001,2021-01-27 08:46:14.278,2,1298,3158,561,0,0
3675,2021012700010005833,0001,2021-01-27 08:46:14.278,2,12424,2801,442,1,1
3676,2021012700010005831,0001,2021-01-27 08:46:15.294,2,2438,2930,467,0,0
3677,2021012700010005833,0001,2021-01-27 08:46:15.294,2,13805,2909,563,1,1
3678,2021012700010005831,0001,2021-01-27 08:46:16.309,2,3650,2978,542,1,1
3679,2021012700010005831,0001,2021-01-27 08:46:17.324,2,4719,3001,653,1,1
3680,2021012700010005831,0001,2021-01-27 08:46:18.34,2,5771,3042,616,2,2
3681,2021012700010005831,0001,2021-01-27 08:46:19.355,2,6980,3003,631,2,2
3682,2021012700010005831,0001,2021-01-27 08:46:20.37,2,8104,2952,625,2,2
3683,2021012700010005831,0001,2021-01-27 08:46:21.386,2,9175,2851,615,3,3
3684,2021012700010005831,0001,2021-01-27 08:46:22.401,2,10287,2782,613,3,3
3685,2021012700010005831,0001,2021-01-27 08:46:23.416,2,11466,2833,577,4,4
3686,2021012700010005838,0001,2021-01-27 08:46:23.416,2,176,3650,355,0,0
3687,2021012700010005831,0001,2021-01-27 08:46:24.432,2,12607,2739,590,4,4
3688,2021012700010005838,0001,2021-01-27 08:46:24.432,2,1571,3677,515,0,0
3689,2021012700010005831,0001,2021-01-27 08:46:25.447,2,13666,2525,583,4,4
3690,2021012700010005838,0001,2021-01-27 08:46:25.447,2,2916,3613,573,0,0
3691,2021012700010005838,0001,2021-01-27 08:46:26.463,2,4355,3454,548,1,1
3692,2021012700010005838,0001,2021-01-27 08:46:27.464,2,5804,3320,543,1,1
3693,2021012700010005838,0001,2021-01-27 08:46:28.479,2,7191,3089,478,2,2
3694,2021012700010005838,0001,2021-01-27 08:46:29.494,2,8592,2980,520,2,2
3695,2021012700010005838,0001,2021-01-27 08:46:30.51,2,10205,2975,559,2,2
3696,2021012700010005838,0001,2021-01-27 08:46:31.525,2,11424,2999,478,3,3
3697,2021012700010005838,0001,2021-01-27 08:46:32.541,2,12730,3068,379,3,3
3698,2021012700010005841,0001,2021-01-27 08:46:32.541,2,1334,3176,516,0,0
3699,2021012700010005838,0001,2021-01-27 08:46:33.556,2,14179,3221,415,4,4
3700,2021012700010005841,0001,2021-01-27 08:46:33.556,2,3444,2983,502,0,0
3701,2021012700010005841,0001,2021-01-27 08:46:34.572,2,5682,2815,504,1,1
3702,2021012700010005841,0001,2021-01-27 08:46:35.587,2,7357,2638,572,1,1
3703,2021012700010005843,0001,2021-01-27 08:46:35.587,2,252,3515,418,0,0
3704,2021012700010005841,0001,2021-01-27 08:46:36.602,2,9260,2564,617,1,1
3705,2021012700010005843,0001,2021-01-27 08:46:36.602,2,1755,3299,485,0,0
3706,2021012700010005841,0001,2021-01-27 08:46:37.618,2,11186,2528,516,2,2
3707,2021012700010005843,0001,2021-01-27 08:46:37.618,2,3154,3206,561,0,0
3708,2021012700010005841,0001,2021-01-27 08:46:38.633,2,12789,2543,570,2,2
3709,2021012700010005843,0001,2021-01-27 08:46:38.633,2,4624,3080,544,1,1
3710,2021012700010005844,0001,2021-01-27 08:46:38.633,2,532,4182,478,0,0
3711,2021012700010005843,0001,2021-01-27 08:46:39.649,2,6024,3007,556,1,1
3712,2021012700010005844,0001,2021-01-27 08:46:39.649,2,1616,4022,514,0,0
3713,2021012700010005843,0001,2021-01-27 08:46:40.664,2,7646,3018,676,2,2
3714,2021012700010005844,0001,2021-01-27 08:46:40.664,2,2721,3780,446,1,1
3715,2021012700010005843,0001,2021-01-27 08:46:41.679,2,9162,2960,714,2,2
3716,2021012700010005844,0001,2021-01-27 08:46:41.679,2,3835,3409,428,1,1
3717,2021012700010005843,0001,2021-01-27 08:46:42.681,2,10573,2961,712,2,2
3718,2021012700010005844,0001,2021-01-27 08:46:42.681,2,4933,3336,664,1,1
3719,2021012700010005843,0001,2021-01-27 08:46:43.696,2,12088,2905,705,3,3
3720,2021012700010005844,0001,2021-01-27 08:46:43.696,2,6094,3299,695,2,2
3721,2021012700010005843,0001,2021-01-27 08:46:44.712,2,13503,2842,716,3,3
3722,2021012700010005844,0001,2021-01-27 08:46:44.712,2,7260,3273,704,2,2
3723,2021012700010005846,0001,2021-01-27 08:46:44.712,2,450,4288,451,0,0
3724,2021012700010005844,0001,2021-01-27 08:46:45.727,2,8513,3186,588,3,3
3725,2021012700010005846,0001,2021-01-27 08:46:45.727,2,1894,4331,722,0,0
3726,2021012700010005849,0001,2021-01-27 08:46:45.727,2,860,2415,371,0,0
3727,2021012700010005844,0001,2021-01-27 08:46:46.742,2,9687,3146,536,3,3
3728,2021012700010005846,0001,2021-01-27 08:46:46.742,2,3096,4251,514,0,0
3729,2021012700010005849,0001,2021-01-27 08:46:46.742,2,2518,2164,535,0,0
3730,2021012700010005844,0001,2021-01-27 08:46:47.757,2,10896,3071,606,3,3
3731,2021012700010005846,0001,2021-01-27 08:46:47.757,2,4364,4357,646,1,1
3732,2021012700010005849,0001,2021-01-27 08:46:47.757,2,3922,1962,580,1,1
3733,2021012700010005851,0001,2021-01-27 08:46:47.757,2,729,2378,580,0,0
3734,2021012700010005844,0001,2021-01-27 08:46:48.773,2,12079,3038,601,4,4
3735,2021012700010005846,0001,2021-01-27 08:46:48.773,2,5536,4277,664,1,1
3736,2021012700010005849,0001,2021-01-27 08:46:48.773,2,5336,1850,616,1,1
3737,2021012700010005851,0001,2021-01-27 08:46:48.773,2,2037,2423,830,0,0
3738,2021012700010005844,0001,2021-01-27 08:46:49.789,2,13078,2897,615,4,4
3739,2021012700010005846,0001,2021-01-27 08:46:49.789,2,6843,4269,692,2,2
3740,2021012700010005849,0001,2021-01-27 08:46:49.789,2,6629,1839,486,1,1
3741,2021012700010005851,0001,2021-01-27 08:46:49.789,2,3324,2368,851,1,1
3742,2021012700010005846,0001,2021-01-27 08:46:50.804,2,8086,4308,658,2,2
3743,2021012700010005849,0001,2021-01-27 08:46:50.804,2,7974,1823,469,2,2
3744,2021012700010005851,0001,2021-01-27 08:46:50.804,2,4522,2345,785,1,1
3745,2021012700010005846,0001,2021-01-27 08:46:51.819,2,9386,4284,622,3,3
3746,2021012700010005849,0001,2021-01-27 08:46:51.819,2,9356,1798,545,2,2
3747,2021012700010005851,0001,2021-01-27 08:46:51.819,2,5818,2412,829,1,1
3748,2021012700010005846,0001,2021-01-27 08:46:52.834,2,10605,4218,638,3,3
3749,2021012700010005849,0001,2021-01-27 08:46:52.834,2,10762,1730,540,3,3
3750,2021012700010005851,0001,2021-01-27 08:46:52.834,2,7093,2459,819,2,2
3751,2021012700010005846,0001,2021-01-27 08:46:53.85,2,11905,4115,671,3,3
3752,2021012700010005849,0001,2021-01-27 08:46:53.85,2,12133,1625,434,3,3
3753,2021012700010005851,0001,2021-01-27 08:46:53.85,2,8115,2445,683,2,2
3754,2021012700010005856,0001,2021-01-27 08:46:53.85,2,1679,2035,627,0,0
3755,2021012700010005862,0001,2021-01-27 08:46:53.85,2,8310,2361,872,0,0
3756,2021012700010005846,0001,2021-01-27 08:46:54.865,2,13349,4003,481,4,4
3757,2021012700010005849,0001,2021-01-27 08:46:54.865,2,13540,1602,597,4,4
3758,2021012700010005851,0001,2021-01-27 08:46:54.865,2,8115,2445,683,3,3
3759,2021012700010005856,0001,2021-01-27 08:46:54.865,2,3703,2009,624,0,0
3760,2021012700010005862,0001,2021-01-27 08:46:54.865,2,9488,2344,645,0,0
3761,2021012700010005849,0001,2021-01-27 08:46:55.881,2,14059,1480,400,4,4
3762,2021012700010005851,0001,2021-01-27 08:46:55.881,2,8115,2445,683,3,3
3763,2021012700010005856,0001,2021-01-27 08:46:55.881,2,5552,1918,622,1,1
3764,2021012700010005862,0001,2021-01-27 08:46:55.881,2,10312,2238,738,0,0
3765,2021012700010005864,0001,2021-01-27 08:46:55.881,2,10887,2287,831,0,0
3766,2021012700010005849,0001,2021-01-27 08:46:56.882,2,14059,1480,400,4,4
3767,2021012700010005851,0001,2021-01-27 08:46:56.882,2,8115,2445,683,3,3
3768,2021012700010005856,0001,2021-01-27 08:46:56.882,2,7318,1826,665,1,1
3769,2021012700010005862,0001,2021-01-27 08:46:56.882,2,10312,2238,738,1,1
3770,2021012700010005864,0001,2021-01-27 08:46:56.882,2,12111,2187,583,0,0
3771,2021012700010005849,0001,2021-01-27 08:46:57.898,2,14059,1480,400,5,5
3772,2021012700010005856,0001,2021-01-27 08:46:57.898,2,9242,1819,638,1,1
3773,2021012700010005864,0001,2021-01-27 08:46:57.898,2,13542,2336,652,0,0
3774,2021012700010005856,0001,2021-01-27 08:46:58.913,2,11307,1844,661,2,2
3775,2021012700010005861,0001,2021-01-27 08:46:58.913,2,65,4516,435,0,0
3776,2021012700010005856,0001,2021-01-27 08:46:59.928,2,13095,1900,704,2,2
3777,2021012700010005861,0001,2021-01-27 08:46:59.928,2,963,4705,509,0,0
3778,2021012700010005866,0001,2021-01-27 08:46:59.928,2,48,3201,461,0,0
3779,2021012700010005861,0001,2021-01-27 08:47:00.944,2,1756,4519,547,0,0
3780,2021012700010005866,0001,2021-01-27 08:47:00.944,2,1452,3327,495,0,0
3781,2021012700010005861,0001,2021-01-27 08:47:01.959,2,2668,4555,486,1,1
3782,2021012700010005866,0001,2021-01-27 08:47:01.959,2,2976,3253,480,0,0
3783,2021012700010005861,0001,2021-01-27 08:47:02.975,2,3548,4405,530,1,1
3784,2021012700010005866,0001,2021-01-27 08:47:02.975,2,4470,3206,513,1,1
3785,2021012700010005861,0001,2021-01-27 08:47:03.99,2,4442,4311,523,2,2
3786,2021012700010005866,0001,2021-01-27 08:47:03.99,2,6039,3178,540,1,1
3787,2021012700010005861,0001,2021-01-27 08:47:05.005,2,5452,4358,584,2,2
3788,2021012700010005866,0001,2021-01-27 08:47:05.005,2,7586,3161,539,2,2
3789,2021012700010005861,0001,2021-01-27 08:47:06.021,2,6250,4259,551,2,2
3790,2021012700010005866,0001,2021-01-27 08:47:06.021,2,9051,3206,512,2,2
3791,2021012700010005861,0001,2021-01-27 08:47:07.036,2,7212,4315,576,3,3
3792,2021012700010005866,0001,2021-01-27 08:47:07.036,2,10656,3309,589,2,2
3793,2021012700010005861,0001,2021-01-27 08:47:08.052,2,8207,4366,578,3,3
3794,2021012700010005866,0001,2021-01-27 08:47:08.052,2,12201,3383,553,3,3
3795,2021012700010005861,0001,2021-01-27 08:47:09.067,2,9056,4296,576,4,4
3796,2021012700010005866,0001,2021-01-27 08:47:09.067,2,13565,3248,557,3,3
3797,2021012700010005861,0001,2021-01-27 08:47:10.082,2,9987,4239,570,4,4
3798,2021012700010005861,0001,2021-01-27 08:47:11.098,2,10954,4150,515,4,4
3799,2021012700010005861,0001,2021-01-27 08:47:12.099,2,11808,3979,598,5,5
3800,2021012700010005861,0001,2021-01-27 08:47:13.114,2,12781,3907,585,5,5
3801,2021012700010005861,0001,2021-01-27 08:47:14.115,2,13810,3863,505,6,6
3802,2021012700010005867,0001,2021-01-27 08:47:17.144,2,1571,3323,636,0,0
3803,2021012700010005867,0001,2021-01-27 08:47:18.145,2,3269,3244,609,0,0
3804,2021012700010005867,0001,2021-01-27 08:47:19.161,2,5044,3217,689,1,1
3805,2021012700010005867,0001,2021-01-27 08:47:20.176,2,6729,3155,552,1,1
3806,2021012700010005867,0001,2021-01-27 08:47:21.192,2,8419,3167,522,1,1
3807,2021012700010005867,0001,2021-01-27 08:47:22.193,2,9139,3167,555,2,2
3808,2021012700010005870,0001,2021-01-27 08:47:22.193,2,10147,3173,526,0,0
3809,2021012700010005867,0001,2021-01-27 08:47:23.208,2,9139,3167,555,2,2
3810,2021012700010005871,0001,2021-01-27 08:47:23.208,2,11963,3148,550,0,0
3811,2021012700010005867,0001,2021-01-27 08:47:24.224,2,9139,3167,555,3,3
3812,2021012700010005871,0001,2021-01-27 08:47:24.224,2,13897,3293,569,0,0
3813,2021012700010005875,0001,2021-01-27 08:47:30.302,2,13535,1343,411,0,0
3814,2021012700010005875,0001,2021-01-27 08:47:31.317,2,12125,1489,540,0,0
3815,2021012700010005875,0001,2021-01-27 08:47:32.333,2,10558,1603,531,1,1
3816,2021012700010005875,0001,2021-01-27 08:47:33.348,2,10480,1590,514,1,1
3817,2021012700010005875,0001,2021-01-27 08:47:35.379,1,10480,1590,514,1,1
3818,2021012700010005882,0001,2021-01-27 08:47:35.379,1,6142,1618,505,0,0
3819,2021012700010005875,0001,2021-01-27 08:47:36.394,1,10480,1590,514,1,1
3820,2021012700010005882,0001,2021-01-27 08:47:36.394,1,4773,1417,536,0,0
3821,2021012700010005875,0001,2021-01-27 08:47:37.41,1,10480,1590,514,2,2
3822,2021012700010005882,0001,2021-01-27 08:47:37.41,1,3247,1219,505,1,1
3823,2021012700010005882,0001,2021-01-27 08:47:38.425,1,1763,1137,443,1,1
3824,2021012700010005883,0001,2021-01-27 08:47:38.425,1,706,4211,454,0,0
3825,2021012700010005882,0001,2021-01-27 08:47:39.44,1,234,1154,411,1,1
3826,2021012700010005883,0001,2021-01-27 08:47:39.44,1,2002,4078,430,0,0
3827,2021012700010005882,0001,2021-01-27 08:47:40.456,2,161,1157,422,2,2
3828,2021012700010005883,0001,2021-01-27 08:47:40.456,2,2061,4062,427,0,0
3829,2021012700010005887,0001,2021-01-27 08:47:40.456,2,3266,3959,411,0,0
3830,2021012700010005888,0001,2021-01-27 08:47:40.456,2,879,3934,411,0,0
3831,2021012700010005882,0001,2021-01-27 08:47:41.471,2,161,1157,422,2,2
3832,2021012700010005883,0001,2021-01-27 08:47:41.471,2,2021,4017,450,1,1
3833,2021012700010005887,0001,2021-01-27 08:47:41.471,2,4544,4061,492,0,0
3834,2021012700010005888,0001,2021-01-27 08:47:41.471,2,1966,3991,432,0,0
3835,2021012700010005889,0001,2021-01-27 08:47:41.471,2,15,2570,466,0,0
3836,2021012700010005882,0001,2021-01-27 08:47:42.473,2,161,1157,422,2,2
3837,2021012700010005883,0001,2021-01-27 08:47:42.473,2,3195,4037,436,1,1
3838,2021012700010005887,0001,2021-01-27 08:47:42.473,2,5746,4103,495,0,0
3839,2021012700010005889,0001,2021-01-27 08:47:42.473,2,1210,2292,551,0,0
3840,2021012700010005882,0001,2021-01-27 08:47:43.488,2,161,1157,422,3,3
3841,2021012700010005883,0001,2021-01-27 08:47:43.488,2,3516,4047,430,1,1
3842,2021012700010005887,0001,2021-01-27 08:47:43.488,2,5974,3991,377,1,1
3843,2021012700010005889,0001,2021-01-27 08:47:43.488,2,2477,2146,657,0,0
3844,2021012700010005892,0001,2021-01-27 08:47:43.488,2,7071,4078,522,0,0
3845,2021012700010005883,0001,2021-01-27 08:47:44.503,2,3516,4047,430,2,2
3846,2021012700010005887,0001,2021-01-27 08:47:44.503,2,5974,3991,377,1,1
3847,2021012700010005889,0001,2021-01-27 08:47:44.503,2,3797,2002,718,1,1
3848,2021012700010005892,0001,2021-01-27 08:47:44.503,2,7561,3957,411,0,0
3849,2021012700010005894,0001,2021-01-27 08:47:44.503,2,5628,4016,430,0,0
3850,2021012700010005895,0001,2021-01-27 08:47:44.503,2,8455,4078,528,0,0
3851,2021012700010005883,0001,2021-01-27 08:47:45.519,2,3516,4047,430,2,2
3852,2021012700010005887,0001,2021-01-27 08:47:45.519,2,6889,3959,470,1,1
3853,2021012700010005889,0001,2021-01-27 08:47:45.519,2,5051,1910,713,1,1
3854,2021012700010005891,0001,2021-01-27 08:47:45.519,2,723,2597,413,0,0
3855,2021012700010005895,0001,2021-01-27 08:47:45.519,2,9720,4061,534,0,0
3856,2021012700010005887,0001,2021-01-27 08:47:46.534,2,8121,3963,502,2,2
3857,2021012700010005889,0001,2021-01-27 08:47:46.534,2,6233,1860,710,2,2
3858,2021012700010005891,0001,2021-01-27 08:47:46.534,2,723,2597,413,0,0
3859,2021012700010005895,0001,2021-01-27 08:47:46.534,2,10997,4004,541,0,0
3860,2021012700010005887,0001,2021-01-27 08:47:47.549,2,9397,4014,504,2,2
3861,2021012700010005889,0001,2021-01-27 08:47:47.549,2,7509,1789,731,2,2
3862,2021012700010005891,0001,2021-01-27 08:47:47.549,2,723,2597,413,1,1
3863,2021012700010005895,0001,2021-01-27 08:47:47.549,2,12263,3939,547,1,1
3864,2021012700010005897,0001,2021-01-27 08:47:47.549,2,3675,2339,477,0,0
3865,2021012700010005887,0001,2021-01-27 08:47:48.565,2,10672,3938,523,3,3
3866,2021012700010005889,0001,2021-01-27 08:47:48.565,2,8730,1660,655,2,2
3867,2021012700010005895,0001,2021-01-27 08:47:48.565,2,13666,3933,374,1,1
3868,2021012700010005897,0001,2021-01-27 08:47:48.565,2,4289,2295,455,0,0
3869,2021012700010005887,0001,2021-01-27 08:47:49.58,2,11989,3773,538,3,3
3870,2021012700010005889,0001,2021-01-27 08:47:49.58,2,10017,1635,747,3,3
3871,2021012700010005887,0001,2021-01-27 08:47:50.596,2,13231,3656,443,4,4
3872,2021012700010005889,0001,2021-01-27 08:47:50.596,2,11303,1692,739,3,3
3873,2021012700010005899,0001,2021-01-27 08:47:50.596,2,7409,2190,545,0,0
3874,2021012700010005889,0001,2021-01-27 08:47:51.611,2,12562,1738,727,4,4
3875,2021012700010005899,0001,2021-01-27 08:47:51.611,2,8558,2074,554,0,0
3876,2021012700010005889,0001,2021-01-27 08:47:52.626,2,13930,1802,675,4,4
3877,2021012700010005899,0001,2021-01-27 08:47:52.626,2,9894,1973,560,1,1
3878,2021012700010005899,0001,2021-01-27 08:47:53.642,2,11099,1899,547,1,1
3879,2021012700010005899,0001,2021-01-27 08:47:54.657,2,12322,1727,444,1,1
3880,2021012700010005899,0001,2021-01-27 08:47:55.672,2,13560,1737,435,2,2
3881,2021012700010005901,0001,2021-01-27 08:47:55.672,2,757,3520,566,0,0
3882,2021012700010005901,0001,2021-01-27 08:47:56.688,2,2229,3494,412,0,0
3883,2021012700010005901,0001,2021-01-27 08:47:57.7,2,3545,3585,556,1,1
3884,2021012700010005901,0001,2021-01-27 08:47:58.716,2,4959,3644,614,1,1
3885,2021012700010005901,0001,2021-01-27 08:47:59.731,2,6448,3672,615,1,1
3886,2021012700010005901,0001,2021-01-27 08:48:00.747,2,7842,3620,594,2,2
3887,2021012700010005901,0001,2021-01-27 08:48:01.762,2,9244,3575,622,2,2
3888,2021012700010005901,0001,2021-01-27 08:48:02.777,2,10553,3533,520,3,3
3889,2021012700010005901,0001,2021-01-27 08:48:03.793,2,12140,3488,584,3,3
3890,2021012700010005903,0001,2021-01-27 08:48:03.793,2,2152,3078,402,0,0
3891,2021012700010005901,0001,2021-01-27 08:48:04.808,2,13458,3467,421,3,3
3892,2021012700010005903,0001,2021-01-27 08:48:04.808,2,3321,2999,509,0,0
3893,2021012700010005903,0001,2021-01-27 08:48:05.823,2,4606,2967,514,1,1
3894,2021012700010005903,0001,2021-01-27 08:48:06.839,2,5794,2971,517,1,1
3895,2021012700010005903,0001,2021-01-27 08:48:07.854,2,7095,2977,493,1,1
3896,2021012700010005903,0001,2021-01-27 08:48:08.87,2,8324,2990,478,2,2
3897,2021012700010005905,0001,2021-01-27 08:48:08.87,2,1324,3261,388,0,0
3898,2021012700010005903,0001,2021-01-27 08:48:09.885,2,9602,3074,538,2,2
3899,2021012700010005905,0001,2021-01-27 08:48:09.885,2,2792,3371,439,0,0
3900,2021012700010005903,0001,2021-01-27 08:48:10.9,2,10833,3158,498,3,3
3901,2021012700010005905,0001,2021-01-27 08:48:10.9,2,4227,3453,477,1,1
3902,2021012700010005903,0001,2021-01-27 08:48:11.902,2,12063,3248,501,3,3
3903,2021012700010005905,0001,2021-01-27 08:48:11.902,2,5681,3567,498,1,1
3904,2021012700010005903,0001,2021-01-27 08:48:12.917,2,13511,3273,395,4,4
3905,2021012700010005905,0001,2021-01-27 08:48:12.917,2,7169,3576,517,1,1
3906,2021012700010005905,0001,2021-01-27 08:48:13.933,2,8564,3525,448,2,2
3907,2021012700010005905,0001,2021-01-27 08:48:14.948,2,10084,3548,536,2,2
3908,2021012700010005905,0001,2021-01-27 08:48:15.963,2,11543,3474,529,3,3
3909,2021012700010005905,0001,2021-01-27 08:48:16.979,2,13002,3261,485,3,3
3910,2021012700010005909,0001,2021-01-27 08:48:17.994,2,13630,2070,418,0,0
3911,2021012700010005909,0001,2021-01-27 08:48:19.01,2,11733,2306,575,0,0
3912,2021012700010005909,0001,2021-01-27 08:48:20.025,2,10073,2487,590,0,0
3913,2021012700010005909,0001,2021-01-27 08:48:21.04,2,8364,2681,602,1,1
3914,2021012700010005909,0001,2021-01-27 08:48:22.056,2,6540,2842,500,1,1
3915,2021012700010005909,0001,2021-01-27 08:48:23.071,2,4817,3068,549,2,2
3916,2021012700010005909,0001,2021-01-27 08:48:24.086,2,3068,3285,610,2,2
3917,2021012700010005909,0001,2021-01-27 08:48:25.102,2,1271,3488,467,2,2
3918,2021012700010005924,0001,2021-01-27 08:48:48.428,2,338,2820,583,0,0
3919,2021012700010005924,0001,2021-01-27 08:48:49.443,2,1882,2645,387,0,0
3920,2021012700010005924,0001,2021-01-27 08:48:50.459,2,3432,2625,411,0,0
3921,2021012700010005924,0001,2021-01-27 08:48:51.474,2,5136,2709,563,1,1
3922,2021012700010005924,0001,2021-01-27 08:48:52.489,2,6799,2717,528,1,1
3923,2021012700010005924,0001,2021-01-27 08:48:53.505,2,8334,2711,521,2,2
3924,2021012700010005924,0001,2021-01-27 08:48:54.52,2,10027,2737,591,2,2
3925,2021012700010005928,0001,2021-01-27 08:48:54.52,2,918,4022,756,0,0
3926,2021012700010005924,0001,2021-01-27 08:48:55.536,2,11701,2675,582,2,2
3927,2021012700010005928,0001,2021-01-27 08:48:55.536,2,2303,3871,709,0,0
3928,2021012700010005924,0001,2021-01-27 08:48:56.551,2,13337,2653,594,3,3
3929,2021012700010005928,0001,2021-01-27 08:48:56.551,2,3662,3836,684,1,1
3930,2021012700010005928,0001,2021-01-27 08:48:57.553,2,4967,3875,681,1,1
3931,2021012700010005928,0001,2021-01-27 08:48:58.568,2,6292,3909,629,1,1
3932,2021012700010005928,0001,2021-01-27 08:48:59.583,2,7643,4040,506,2,2
3933,2021012700010005928,0001,2021-01-27 08:49:00.599,2,9050,4100,477,2,2
3934,2021012700010005928,0001,2021-01-27 08:49:01.614,2,10389,4040,487,3,3
3935,2021012700010005928,0001,2021-01-27 08:49:02.629,2,12020,3800,574,3,3
3936,2021012700010005928,0001,2021-01-27 08:49:03.645,2,13244,3595,569,3,3
3937,2021012700010005941,0001,2021-01-27 08:49:17.861,2,20,2897,392,0,0
3938,2021012700010005941,0001,2021-01-27 08:49:18.877,2,1574,2707,521,0,0
3939,2021012700010005941,0001,2021-01-27 08:49:19.892,2,3020,2393,455,0,0
3940,2021012700010005942,0001,2021-01-27 08:49:19.892,2,174,3945,520,0,0
3941,2021012700010005941,0001,2021-01-27 08:49:20.908,2,4704,2384,484,1,1
3942,2021012700010005942,0001,2021-01-27 08:49:20.908,2,1491,3619,532,0,0
3943,2021012700010005941,0001,2021-01-27 08:49:21.923,2,6306,2345,528,1,1
3944,2021012700010005942,0001,2021-01-27 08:49:21.923,2,2723,3272,376,0,0
3945,2021012700010005941,0001,2021-01-27 08:49:22.939,2,7814,2223,469,2,2
3946,2021012700010005942,0001,2021-01-27 08:49:22.939,2,4008,3218,539,1,1
3947,2021012700010005941,0001,2021-01-27 08:49:23.954,2,9408,2129,510,2,2
3948,2021012700010005942,0001,2021-01-27 08:49:23.954,2,5382,3254,601,1,1
3949,2021012700010005941,0001,2021-01-27 08:49:24.969,2,11031,2021,552,2,2
3950,2021012700010005942,0001,2021-01-27 08:49:24.969,2,6675,3128,492,2,2
3951,2021012700010005941,0001,2021-01-27 08:49:25.985,2,12472,1848,481,3,3
3952,2021012700010005942,0001,2021-01-27 08:49:25.985,2,8057,3135,616,2,2
3953,2021012700010005941,0001,2021-01-27 08:49:26.986,2,13992,1776,463,3,3
3954,2021012700010005942,0001,2021-01-27 08:49:26.986,2,9354,2996,608,2,2
3955,2021012700010005942,0001,2021-01-27 08:49:28.001,2,10757,2833,586,3,3
3956,2021012700010005942,0001,2021-01-27 08:49:29.017,2,12026,2694,593,3,3
3957,2021012700010005942,0001,2021-01-27 08:49:30.032,2,13388,2602,595,4,4
3958,2021012700010005946,0001,2021-01-27 08:49:30.032,2,711,4133,481,0,0
3959,2021012700010005948,0001,2021-01-27 08:49:30.032,2,28,2996,622,0,0
3960,2021012700010005946,0001,2021-01-27 08:49:31.047,2,2045,3898,443,0,0
3961,2021012700010005948,0001,2021-01-27 08:49:31.047,2,1604,2247,599,0,0
3962,2021012700010005949,0001,2021-01-27 08:49:31.047,2,814,2296,404,0,0
3963,2021012700010005946,0001,2021-01-27 08:49:32.063,2,3782,3798,692,0,0
3964,2021012700010005948,0001,2021-01-27 08:49:32.063,2,3446,1721,544,0,0
3965,2021012700010005949,0001,2021-01-27 08:49:32.063,2,2292,2193,462,0,0
3966,2021012700010005946,0001,2021-01-27 08:49:33.078,2,5132,3683,485,1,1
3967,2021012700010005948,0001,2021-01-27 08:49:33.078,2,5058,1516,566,1,1
3968,2021012700010005949,0001,2021-01-27 08:49:33.078,2,3709,2223,512,1,1
3969,2021012700010005956,0001,2021-01-27 08:49:33.078,2,5373,1610,606,0,0
3970,2021012700010005946,0001,2021-01-27 08:49:34.094,2,6652,3505,550,1,1
3971,2021012700010005948,0001,2021-01-27 08:49:34.094,2,5058,1516,566,1,1
3972,2021012700010005949,0001,2021-01-27 08:49:34.094,2,5133,2221,526,1,1
3973,2021012700010005952,0001,2021-01-27 08:49:34.094,2,83,2640,717,0,0
3974,2021012700010005956,0001,2021-01-27 08:49:34.094,2,7153,1459,607,0,0
3975,2021012700010005946,0001,2021-01-27 08:49:35.109,2,8205,3381,520,2,2
3976,2021012700010005948,0001,2021-01-27 08:49:35.109,2,5058,1516,566,2,2
3977,2021012700010005949,0001,2021-01-27 08:49:35.109,2,6600,2258,524,1,1
3978,2021012700010005952,0001,2021-01-27 08:49:35.109,2,1293,2324,635,0,0
3979,2021012700010005956,0001,2021-01-27 08:49:35.109,2,8994,1346,581,0,0
3980,2021012700010005946,0001,2021-01-27 08:49:36.124,2,9912,3093,669,2,2
3981,2021012700010005948,0001,2021-01-27 08:49:36.124,2,5058,1516,566,2,2
3982,2021012700010005949,0001,2021-01-27 08:49:36.124,2,8176,2366,580,2,2
3983,2021012700010005952,0001,2021-01-27 08:49:36.124,2,2542,1978,464,0,0
3984,2021012700010005954,0001,2021-01-27 08:49:36.124,2,543,3889,394,0,0
3985,2021012700010005956,0001,2021-01-27 08:49:36.124,2,10978,1300,586,1,1
3986,2021012700010005946,0001,2021-01-27 08:49:37.14,2,11386,2964,677,3,3
3987,2021012700010005949,0001,2021-01-27 08:49:37.14,2,9602,2418,587,2,2
3988,2021012700010005952,0001,2021-01-27 08:49:37.14,2,3768,1741,656,1,1
3989,2021012700010005954,0001,2021-01-27 08:49:37.14,2,1897,3920,457,0,0
3990,2021012700010005956,0001,2021-01-27 08:49:37.14,2,12756,1369,621,1,1
3991,2021012700010005946,0001,2021-01-27 08:49:38.155,2,13115,2955,447,3,3
3992,2021012700010005949,0001,2021-01-27 08:49:38.155,2,11003,2414,545,3,3
3993,2021012700010005952,0001,2021-01-27 08:49:38.155,2,5115,1582,664,1,1
3994,2021012700010005954,0001,2021-01-27 08:49:38.155,2,3291,3891,453,0,0
3995,2021012700010005949,0001,2021-01-27 08:49:39.171,2,12602,2344,416,3,3
3996,2021012700010005952,0001,2021-01-27 08:49:39.171,2,6563,1538,744,2,2
3997,2021012700010005954,0001,2021-01-27 08:49:39.171,2,4721,3691,435,1,1
3998,2021012700010005949,0001,2021-01-27 08:49:40.186,2,14080,2342,361,3,3
3999,2021012700010005952,0001,2021-01-27 08:49:40.186,2,7830,1456,729,2,2
4000,2021012700010005954,0001,2021-01-27 08:49:40.186,2,6199,3478,582,1,1
4001,2021012700010005952,0001,2021-01-27 08:49:41.201,2,9073,1357,724,2,2
4002,2021012700010005954,0001,2021-01-27 08:49:41.201,2,7553,3387,624,2,2
4003,2021012700010005952,0001,2021-01-27 08:49:42.203,2,10380,1297,685,3,3
4004,2021012700010005954,0001,2021-01-27 08:49:42.203,2,8949,3394,647,2,2
4005,2021012700010005952,0001,2021-01-27 08:49:43.218,2,11959,1337,790,3,3
4006,2021012700010005954,0001,2021-01-27 08:49:43.218,2,10499,3465,638,2,2
4007,2021012700010005952,0001,2021-01-27 08:49:44.233,2,13268,1307,759,4,4
4008,2021012700010005954,0001,2021-01-27 08:49:44.233,2,11950,3543,709,3,3
4009,2021012700010005954,0001,2021-01-27 08:49:45.249,2,13342,3515,663,3,3
4010,2021012700010005961,0001,2021-01-27 08:49:48.295,2,906,3435,470,0,0
4011,2021012700010005961,0001,2021-01-27 08:49:49.31,2,2094,3260,479,0,0
4012,2021012700010005961,0001,2021-01-27 08:49:50.326,2,3380,3235,492,1,1
4013,2021012700010005961,0001,2021-01-27 08:49:51.341,2,4733,3302,543,1,1
4014,2021012700010005961,0001,2021-01-27 08:49:52.356,2,5983,3370,579,1,1
4015,2021012700010005961,0001,2021-01-27 08:49:53.372,2,7239,3377,570,2,2
4016,2021012700010005961,0001,2021-01-27 08:49:54.387,2,8523,3358,563,2,2
4017,2021012700010005964,0001,2021-01-27 08:49:54.387,2,734,4119,351,0,0
4018,2021012700010005961,0001,2021-01-27 08:49:55.403,2,9752,3240,592,3,3
4019,2021012700010005964,0001,2021-01-27 08:49:55.403,2,3373,3698,374,0,0
4020,2021012700010005961,0001,2021-01-27 08:49:56.418,2,11051,3146,567,3,3
4021,2021012700010005964,0001,2021-01-27 08:49:56.418,2,6134,2977,520,0,0
4022,2021012700010005965,0001,2021-01-27 08:49:56.418,2,1049,3691,558,0,0
4023,2021012700010005961,0001,2021-01-27 08:49:57.419,2,12239,3126,537,3,3
4024,2021012700010005964,0001,2021-01-27 08:49:57.419,2,8717,2337,419,1,1
4025,2021012700010005965,0001,2021-01-27 08:49:57.419,2,2304,3613,422,0,0
4026,2021012700010005961,0001,2021-01-27 08:49:58.435,2,13506,3219,518,4,4
4027,2021012700010005964,0001,2021-01-27 08:49:58.435,2,11411,2166,607,1,1
4028,2021012700010005965,0001,2021-01-27 08:49:58.435,2,3757,3900,556,1,1
4029,2021012700010005966,0001,2021-01-27 08:49:58.435,2,871,2188,492,0,0
4030,2021012700010005965,0001,2021-01-27 08:49:59.45,2,4510,3665,358,1,1
4031,2021012700010005966,0001,2021-01-27 08:49:59.45,2,2001,1570,534,0,0
4032,2021012700010005968,0001,2021-01-27 08:49:59.45,2,5099,3897,566,0,0
4033,2021012700010005965,0001,2021-01-27 08:50:00.466,2,4510,3665,358,1,1
4034,2021012700010005966,0001,2021-01-27 08:50:00.466,2,3373,1124,525,1,1
4035,2021012700010005968,0001,2021-01-27 08:50:00.466,2,5913,3656,362,0,0
4036,2021012700010005969,0001,2021-01-27 08:50:00.466,2,6337,3771,456,0,0
4037,2021012700010005965,0001,2021-01-27 08:50:01.481,2,4510,3665,358,2,2
4038,2021012700010005966,0001,2021-01-27 08:50:01.481,2,4716,844,573,1,1
4039,2021012700010005969,0001,2021-01-27 08:50:01.481,2,7687,3689,493,0,0
4040,2021012700010005966,0001,2021-01-27 08:50:02.496,2,6081,587,594,1,1
4041,2021012700010005969,0001,2021-01-27 08:50:02.496,2,8983,3630,514,0,0
4042,2021012700010005966,0001,2021-01-27 08:50:03.512,2,7407,487,598,2,2
4043,2021012700010005969,0001,2021-01-27 08:50:03.512,2,10311,3626,526,1,1
4044,2021012700010005966,0001,2021-01-27 08:50:04.527,2,8863,408,595,2,2
4045,2021012700010005969,0001,2021-01-27 08:50:04.527,2,11653,3675,544,1,1
4046,2021012700010005966,0001,2021-01-27 08:50:05.542,2,10256,427,599,3,3
4047,2021012700010005969,0001,2021-01-27 08:50:05.542,2,13088,3847,386,2,2
4048,2021012700010005966,0001,2021-01-27 08:50:06.558,2,11619,431,562,3,3
4049,2021012700010005966,0001,2021-01-27 08:50:07.573,2,12888,393,563,3,3
4050,2021012700010005970,0001,2021-01-27 08:50:07.573,2,955,3655,598,0,0
4051,2021012700010005970,0001,2021-01-27 08:50:08.589,2,2505,2957,535,0,0
4052,2021012700010005970,0001,2021-01-27 08:50:09.604,2,4048,2559,563,1,1
4053,2021012700010005970,0001,2021-01-27 08:50:10.619,2,5648,2270,569,1,1
4054,2021012700010005970,0001,2021-01-27 08:50:11.635,2,7285,2003,560,1,1
4055,2021012700010005970,0001,2021-01-27 08:50:12.648,2,8950,1799,519,2,2
4056,2021012700010005970,0001,2021-01-27 08:50:13.664,2,10600,1677,476,2,2
4057,2021012700010005970,0001,2021-01-27 08:50:14.679,2,12505,1734,491,3,3
4058,2021012700010005970,0001,2021-01-27 08:50:15.695,2,14071,1794,483,3,3
4059,2021012700010005979,0001,2021-01-27 08:50:17.725,2,848,3657,378,0,0
4060,2021012700010005982,0001,2021-01-27 08:50:17.725,2,1118,3043,545,0,0
4061,2021012700010005979,0001,2021-01-27 08:50:18.741,2,1427,3430,387,0,0
4062,2021012700010005981,0001,2021-01-27 08:50:18.741,2,1449,2521,569,0,0
4063,2021012700010005982,0001,2021-01-27 08:50:18.741,2,2292,2833,476,0,0
4064,2021012700010005983,0001,2021-01-27 08:50:18.741,2,2226,3630,543,0,0
4065,2021012700010005979,0001,2021-01-27 08:50:19.756,2,1427,3430,387,1,1
4066,2021012700010005981,0001,2021-01-27 08:50:19.756,2,2904,2092,645,0,0
4067,2021012700010005982,0001,2021-01-27 08:50:19.756,2,3551,2993,664,1,1
4068,2021012700010005983,0001,2021-01-27 08:50:19.756,2,3106,3476,500,0,0
4069,2021012700010005979,0001,2021-01-27 08:50:20.771,2,1427,3430,387,1,1
4070,2021012700010005981,0001,2021-01-27 08:50:20.771,2,4335,1788,646,1,1
4071,2021012700010005982,0001,2021-01-27 08:50:20.771,2,3743,2715,463,1,1
4072,2021012700010005983,0001,2021-01-27 08:50:20.771,2,4255,3659,619,1,1
4073,2021012700010005985,0001,2021-01-27 08:50:20.771,2,4496,2944,738,0,0
4074,2021012700010005981,0001,2021-01-27 08:50:21.787,2,5998,1610,560,1,1
4075,2021012700010005982,0001,2021-01-27 08:50:21.787,2,3743,2715,463,1,1
4076,2021012700010005983,0001,2021-01-27 08:50:21.787,2,4964,3475,475,1,1
4077,2021012700010005985,0001,2021-01-27 08:50:21.787,2,5147,2761,463,0,0
4078,2021012700010005987,0001,2021-01-27 08:50:21.787,2,5337,3590,638,0,0
4079,2021012700010005988,0001,2021-01-27 08:50:21.787,2,5669,2960,735,0,0
4080,2021012700010005981,0001,2021-01-27 08:50:22.802,2,7484,1490,540,2,2
4081,2021012700010005982,0001,2021-01-27 08:50:22.802,2,3743,2715,463,2,2
4082,2021012700010005983,0001,2021-01-27 08:50:22.802,2,4964,3475,475,1,1
4083,2021012700010005984,0001,2021-01-27 08:50:22.802,2,130,4332,503,0,0
4084,2021012700010005985,0001,2021-01-27 08:50:22.802,2,6685,2927,742,1,1
4085,2021012700010005987,0001,2021-01-27 08:50:22.802,2,6269,3436,473,0,0
4086,2021012700010005989,0001,2021-01-27 08:50:22.802,2,6440,3588,587,0,0
4087,2021012700010005981,0001,2021-01-27 08:50:23.818,2,9091,1399,565,2,2
4088,2021012700010005983,0001,2021-01-27 08:50:23.818,2,4964,3475,475,2,2
4089,2021012700010005984,0001,2021-01-27 08:50:23.818,2,1682,4083,369,0,0
4090,2021012700010005985,0001,2021-01-27 08:50:23.818,2,7506,3102,1149,1,1
4091,2021012700010005987,0001,2021-01-27 08:50:23.818,2,6269,3436,473,0,0
4092,2021012700010005989,0001,2021-01-27 08:50:23.818,2,7597,3582,685,0,0
4093,2021012700010005981,0001,2021-01-27 08:50:24.833,2,10653,1471,619,2,2
4094,2021012700010005984,0001,2021-01-27 08:50:24.833,2,3327,3898,412,0,0
4095,2021012700010005985,0001,2021-01-27 08:50:24.833,2,8565,3109,1070,1,1
4096,2021012700010005989,0001,2021-01-27 08:50:24.833,2,8930,2947,638,0,0
4097,2021012700010005991,0001,2021-01-27 08:50:24.833,2,8791,3532,612,0,0
4098,2021012700010005981,0001,2021-01-27 08:50:25.848,2,12189,1604,536,3,3
4099,2021012700010005984,0001,2021-01-27 08:50:25.848,2,4716,3643,579,1,1
4100,2021012700010005985,0001,2021-01-27 08:50:25.848,2,9730,3187,1120,2,2
4101,2021012700010005989,0001,2021-01-27 08:50:25.848,2,9993,2915,656,1,1
4102,2021012700010005991,0001,2021-01-27 08:50:25.848,2,9860,3473,570,0,0
4103,2021012700010005981,0001,2021-01-27 08:50:26.85,2,13750,1825,486,3,3
4104,2021012700010005984,0001,2021-01-27 08:50:26.85,2,6248,3433,568,1,1
4105,2021012700010005985,0001,2021-01-27 08:50:26.85,2,9493,3360,444,2,2
4106,2021012700010005989,0001,2021-01-27 08:50:26.85,2,10423,3053,1066,1,1
4107,2021012700010005991,0001,2021-01-27 08:50:26.85,2,10659,3440,566,0,0
4108,2021012700010005992,0001,2021-01-27 08:50:26.85,2,10962,2936,594,0,0
4109,2021012700010005984,0001,2021-01-27 08:50:27.865,2,7749,3252,553,2,2
4110,2021012700010005985,0001,2021-01-27 08:50:27.865,2,9493,3360,444,3,3
4111,2021012700010005989,0001,2021-01-27 08:50:27.865,2,10423,3053,1066,2,2
4112,2021012700010005991,0001,2021-01-27 08:50:27.865,2,10954,3455,627,1,1
4113,2021012700010005992,0001,2021-01-27 08:50:27.865,2,12042,3002,650,0,0
4114,2021012700010005993,0001,2021-01-27 08:50:27.865,2,11722,3558,620,0,0
4115,2021012700010005984,0001,2021-01-27 08:50:28.881,2,9296,3023,632,2,2
4116,2021012700010005985,0001,2021-01-27 08:50:28.881,2,9493,3360,444,3,3
4117,2021012700010005989,0001,2021-01-27 08:50:28.881,2,10423,3053,1066,2,2
4118,2021012700010005990,0001,2021-01-27 08:50:28.881,2,1598,3016,374,0,0
4119,2021012700010005991,0001,2021-01-27 08:50:28.881,2,10954,3455,627,1,1
4120,2021012700010005992,0001,2021-01-27 08:50:28.881,2,12758,3171,1129,0,0
4121,2021012700010005993,0001,2021-01-27 08:50:28.881,2,12789,3613,582,0,0
4122,2021012700010005994,0001,2021-01-27 08:50:28.881,2,13056,3032,724,0,0
4123,2021012700010005984,0001,2021-01-27 08:50:29.896,2,10901,2720,608,2,2
4124,2021012700010005990,0001,2021-01-27 08:50:29.896,2,3117,3169,526,0,0
4125,2021012700010005992,0001,2021-01-27 08:50:29.896,2,13049,3127,898,1,1
4126,2021012700010005993,0001,2021-01-27 08:50:29.896,2,13745,3649,472,1,1
4127,2021012700010005994,0001,2021-01-27 08:50:29.896,2,14134,3397,708,0,0
4128,2021012700010005984,0001,2021-01-27 08:50:30.911,2,12496,2486,673,3,3
4129,2021012700010005990,0001,2021-01-27 08:50:30.911,2,4544,3215,426,1,1
4130,2021012700010005992,0001,2021-01-27 08:50:30.911,2,13049,3127,898,1,1
4131,2021012700010005993,0001,2021-01-27 08:50:30.911,2,13980,3774,474,1,1
4132,2021012700010005984,0001,2021-01-27 08:50:31.927,2,14029,2222,623,3,3
4133,2021012700010005990,0001,2021-01-27 08:50:31.927,2,5925,3201,392,1,1
4134,2021012700010005993,0001,2021-01-27 08:50:31.927,2,13980,3774,474,1,1
4135,2021012700010005990,0001,2021-01-27 08:50:32.942,2,7428,3116,431,2,2
4136,2021012700010005993,0001,2021-01-27 08:50:32.942,2,13980,3774,474,2,2
4137,2021012700010005990,0001,2021-01-27 08:50:33.957,2,8927,3031,422,2,2
4138,2021012700010005990,0001,2021-01-27 08:50:34.973,2,10413,3046,533,2,2
4139,2021012700010005990,0001,2021-01-27 08:50:35.988,2,11889,3033,556,3,3
4140,2021012700010005996,0001,2021-01-27 08:50:35.988,2,985,3712,453,0,0
4141,2021012700010005990,0001,2021-01-27 08:50:37.004,2,13057,2926,410,3,3
4142,2021012700010005996,0001,2021-01-27 08:50:37.004,2,2559,3253,528,0,0
4143,2021012700010005990,0001,2021-01-27 08:50:38.019,2,13057,2926,410,4,4
4144,2021012700010005996,0001,2021-01-27 08:50:38.019,2,4233,2753,550,1,1
4145,2021012700010005990,0001,2021-01-27 08:50:39.034,2,13057,2926,410,4,4
4146,2021012700010005996,0001,2021-01-27 08:50:39.034,2,5820,2368,585,1,1
4147,2021012700010006000,0001,2021-01-27 08:50:39.034,2,1219,3526,415,0,0
4148,2021012700010005996,0001,2021-01-27 08:50:40.05,2,7424,2061,561,1,1
4149,2021012700010006000,0001,2021-01-27 08:50:40.05,2,2684,3440,408,0,0
4150,2021012700010005996,0001,2021-01-27 08:50:41.065,2,9019,1817,634,2,2
4151,2021012700010006000,0001,2021-01-27 08:50:41.065,2,3991,3183,528,1,1
4152,2021012700010006004,0001,2021-01-27 08:50:41.065,2,710,3538,657,0,0
4153,2021012700010005996,0001,2021-01-27 08:50:42.067,2,10708,1672,615,2,2
4154,2021012700010006000,0001,2021-01-27 08:50:42.067,2,5417,2963,558,1,1
4155,2021012700010006004,0001,2021-01-27 08:50:42.067,2,2087,2972,467,0,0
4156,2021012700010005996,0001,2021-01-27 08:50:43.082,2,12384,1658,607,3,3
4157,2021012700010006000,0001,2021-01-27 08:50:43.082,2,6159,2910,499,1,1
4158,2021012700010006004,0001,2021-01-27 08:50:43.082,2,3475,2402,504,1,1
4159,2021012700010006011,0001,2021-01-27 08:50:43.082,2,6903,2759,566,0,0
4160,2021012700010005996,0001,2021-01-27 08:50:44.098,2,14190,1610,453,3,3
4161,2021012700010006000,0001,2021-01-27 08:50:44.098,2,6159,2910,499,2,2
4162,2021012700010006004,0001,2021-01-27 08:50:44.098,2,4933,1943,462,1,1
4163,2021012700010006007,0001,2021-01-27 08:50:44.098,2,80,3104,380,0,0
4164,2021012700010006013,0001,2021-01-27 08:50:44.098,2,8460,2571,589,0,0
4165,2021012700010006000,0001,2021-01-27 08:50:45.113,2,6159,2910,499,2,2
4166,2021012700010006004,0001,2021-01-27 08:50:45.113,2,4916,1867,479,1,1
4167,2021012700010006007,0001,2021-01-27 08:50:45.113,2,1635,3070,435,0,0
4168,2021012700010006013,0001,2021-01-27 08:50:45.113,2,10144,2462,480,0,0
4169,2021012700010006015,0001,2021-01-27 08:50:45.113,2,6287,1500,557,0,0
4170,2021012700010006000,0001,2021-01-27 08:50:46.128,2,6159,2910,499,2,2
4171,2021012700010006004,0001,2021-01-27 08:50:46.128,2,4916,1867,479,1,1
4172,2021012700010006007,0001,2021-01-27 08:50:46.128,2,1986,3020,437,0,0
4173,2021012700010006013,0001,2021-01-27 08:50:46.128,2,10462,2403,478,0,0
4174,2021012700010006015,0001,2021-01-27 08:50:46.128,2,6747,1439,651,0,0
4175,2021012700010006004,0001,2021-01-27 08:50:48.159,1,4916,1867,479,2,2
4176,2021012700010006007,0001,2021-01-27 08:50:48.159,1,2974,3023,516,0,0
4177,2021012700010006013,0001,2021-01-27 08:50:48.159,1,10462,2403,478,1,1
4178,2021012700010006015,0001,2021-01-27 08:50:48.159,1,6747,1439,651,0,0
4179,2021012700010006016,0001,2021-01-27 08:50:48.159,1,10728,681,632,0,0
4180,2021012700010006017,0001,2021-01-27 08:50:48.159,1,6054,2841,565,0,0
4181,2021012700010006004,0001,2021-01-27 08:50:49.174,1,4916,1867,479,2,2
4182,2021012700010006007,0001,2021-01-27 08:50:49.174,1,4349,2983,559,1,1
4183,2021012700010006013,0001,2021-01-27 08:50:49.174,1,10462,2403,478,1,1
4184,2021012700010006016,0001,2021-01-27 08:50:49.174,1,12325,619,602,0,0
4185,2021012700010006017,0001,2021-01-27 08:50:49.174,1,7615,2887,589,0,0
4186,2021012700010006007,0001,2021-01-27 08:50:50.19,1,5670,2925,552,1,1
4187,2021012700010006016,0001,2021-01-27 08:50:50.19,1,13890,607,617,1,1
4188,2021012700010006017,0001,2021-01-27 08:50:50.19,1,9057,2857,525,1,1
4189,2021012700010006018,0001,2021-01-27 08:50:50.19,1,803,3256,484,0,0
4190,2021012700010006007,0001,2021-01-27 08:50:51.205,1,7005,2978,594,2,2
4191,2021012700010006017,0001,2021-01-27 08:50:51.205,1,9281,2792,423,1,1
4192,2021012700010006018,0001,2021-01-27 08:50:51.205,1,2254,3184,521,0,0
4193,2021012700010006007,0001,2021-01-27 08:50:52.221,1,8345,2959,601,2,2
4194,2021012700010006017,0001,2021-01-27 08:50:52.221,1,9281,2792,423,1,1
4195,2021012700010006018,0001,2021-01-27 08:50:52.221,1,3589,3059,517,1,1
4196,2021012700010006007,0001,2021-01-27 08:50:53.236,1,8825,2913,609,2,2
4197,2021012700010006017,0001,2021-01-27 08:50:53.236,1,9281,2792,423,1,1
4198,2021012700010006018,0001,2021-01-27 08:50:53.236,1,4072,3063,568,1,1
4199,2021012700010006007,0001,2021-01-27 08:50:54.251,2,8825,2913,609,2,2
4200,2021012700010006017,0001,2021-01-27 08:50:54.251,2,11196,2689,615,2,2
4201,2021012700010006018,0001,2021-01-27 08:50:54.251,2,4072,3063,568,1,1
4202,2021012700010006024,0001,2021-01-27 08:50:54.251,2,6572,2861,586,0,0
4203,2021012700010006007,0001,2021-01-27 08:50:55.267,2,8825,2913,609,3,3
4204,2021012700010006017,0001,2021-01-27 08:50:55.267,2,12624,2685,587,2,2
4205,2021012700010006018,0001,2021-01-27 08:50:55.267,2,4072,3063,568,1,1
4206,2021012700010006024,0001,2021-01-27 08:50:55.267,2,7960,2686,596,0,0
4207,2021012700010006025,0001,2021-01-27 08:50:55.267,2,740,2998,527,0,0
4208,2021012700010006007,0001,2021-01-27 08:50:56.282,2,8825,2913,609,3,3
4209,2021012700010006017,0001,2021-01-27 08:50:56.282,2,14124,2681,627,3,3
4210,2021012700010006018,0001,2021-01-27 08:50:56.282,2,4072,3063,568,2,2
4211,2021012700010006024,0001,2021-01-27 08:50:56.282,2,9433,2551,566,1,1
4212,2021012700010006025,0001,2021-01-27 08:50:56.282,2,2213,2962,589,0,0
4213,2021012700010006024,0001,2021-01-27 08:50:57.284,2,10779,2440,585,1,1
4214,2021012700010006025,0001,2021-01-27 08:50:57.284,2,3465,2917,469,1,1
4215,2021012700010006024,0001,2021-01-27 08:50:58.299,2,12136,2469,541,1,1
4216,2021012700010006025,0001,2021-01-27 08:50:58.299,2,4848,2983,484,1,1
4217,2021012700010006024,0001,2021-01-27 08:50:59.314,2,13673,2596,466,2,2
4218,2021012700010006025,0001,2021-01-27 08:50:59.314,2,6258,3068,459,1,1
4219,2021012700010006025,0001,2021-01-27 08:51:00.33,2,7566,3134,500,2,2
4220,2021012700010006025,0001,2021-01-27 08:51:01.345,2,9106,3147,562,2,2
4221,2021012700010006025,0001,2021-01-27 08:51:02.361,2,10521,3165,519,3,3
4222,2021012700010006025,0001,2021-01-27 08:51:03.376,2,11874,3179,589,3,3
4223,2021012700010006025,0001,2021-01-27 08:51:04.391,2,13270,3203,471,3,3
4224,2021012700010006033,0001,2021-01-27 08:51:05.407,2,13127,1376,515,0,0
4225,2021012700010006033,0001,2021-01-27 08:51:06.422,2,11838,1349,629,0,0
4226,2021012700010006033,0001,2021-01-27 08:51:07.437,2,10633,1283,624,1,1
4227,2021012700010006034,0001,2021-01-27 08:51:07.437,2,1105,3812,548,0,0
4228,2021012700010006033,0001,2021-01-27 08:51:08.453,2,9493,1251,606,1,1
4229,2021012700010006034,0001,2021-01-27 08:51:08.453,2,2509,3727,526,0,0
4230,2021012700010006033,0001,2021-01-27 08:51:09.468,2,8323,1246,607,1,1
4231,2021012700010006034,0001,2021-01-27 08:51:09.468,2,4022,3576,546,1,1
4232,2021012700010006033,0001,2021-01-27 08:51:10.484,2,7098,1238,616,2,2
4233,2021012700010006034,0001,2021-01-27 08:51:10.484,2,5555,3355,540,1,1
4234,2021012700010006033,0001,2021-01-27 08:51:11.499,2,5995,1196,607,2,2
4235,2021012700010006034,0001,2021-01-27 08:51:11.499,2,7011,3305,545,1,1
4236,2021012700010006033,0001,2021-01-27 08:51:12.5,2,4784,1220,591,3,3
4237,2021012700010006034,0001,2021-01-27 08:51:12.5,2,8543,3300,519,2,2
4238,2021012700010006033,0001,2021-01-27 08:51:13.516,2,3659,1232,613,3,3
4239,2021012700010006034,0001,2021-01-27 08:51:13.516,2,10176,3267,590,2,2
4240,2021012700010006036,0001,2021-01-27 08:51:13.516,2,1234,4047,388,0,0
4241,2021012700010006033,0001,2021-01-27 08:51:14.531,2,2498,1252,600,4,4
4242,2021012700010006034,0001,2021-01-27 08:51:14.531,2,11618,3276,527,3,3
4243,2021012700010006036,0001,2021-01-27 08:51:14.531,2,2623,4050,502,0,0
4244,2021012700010006033,0001,2021-01-27 08:51:15.546,2,1342,1320,592,4,4
4245,2021012700010006034,0001,2021-01-27 08:51:15.546,2,13211,3162,534,3,3
4246,2021012700010006036,0001,2021-01-27 08:51:15.546,2,4211,4100,690,1,1
4247,2021012700010006033,0001,2021-01-27 08:51:16.562,2,91,1279,640,4,4
4248,2021012700010006036,0001,2021-01-27 08:51:16.562,2,5508,3987,484,1,1
4249,2021012700010006036,0001,2021-01-27 08:51:17.577,2,6964,3943,516,1,1
4250,2021012700010006036,0001,2021-01-27 08:51:18.593,2,8435,3912,533,2,2
4251,2021012700010006036,0001,2021-01-27 08:51:19.608,2,10053,3835,528,2,2
4252,2021012700010006040,0001,2021-01-27 08:51:19.608,2,627,4399,368,0,0
4253,2021012700010006036,0001,2021-01-27 08:51:20.623,2,11273,3827,521,3,3
4254,2021012700010006040,0001,2021-01-27 08:51:20.623,2,2116,4227,678,0,0
4255,2021012700010006042,0001,2021-01-27 08:51:20.623,2,11537,3805,532,0,0
4256,2021012700010006036,0001,2021-01-27 08:51:21.639,2,11273,3827,521,3,3
4257,2021012700010006040,0001,2021-01-27 08:51:21.639,2,3471,4131,595,0,0
4258,2021012700010006042,0001,2021-01-27 08:51:21.639,2,13390,4009,532,0,0
4259,2021012700010006036,0001,2021-01-27 08:51:22.654,2,11273,3827,521,3,3
4260,2021012700010006040,0001,2021-01-27 08:51:22.654,2,5063,4054,619,1,1
4261,2021012700010006040,0001,2021-01-27 08:51:23.67,2,6620,3865,579,1,1
4262,2021012700010006041,0001,2021-01-27 08:51:23.67,2,1013,3443,480,0,0
4263,2021012700010006040,0001,2021-01-27 08:51:24.685,2,8145,3738,650,2,2
4264,2021012700010006041,0001,2021-01-27 08:51:24.685,2,2155,3214,580,0,0
4265,2021012700010006040,0001,2021-01-27 08:51:25.7,2,9659,3686,629,2,2
4266,2021012700010006041,0001,2021-01-27 08:51:25.7,2,3431,3130,652,1,1
4267,2021012700010006040,0001,2021-01-27 08:51:26.715,2,11201,3615,594,2,2
4268,2021012700010006041,0001,2021-01-27 08:51:26.715,2,4642,3051,627,1,1
4269,2021012700010006043,0001,2021-01-27 08:51:26.715,2,905,2712,544,0,0
4270,2021012700010006040,0001,2021-01-27 08:51:27.717,2,12786,3538,484,3,3
4271,2021012700010006041,0001,2021-01-27 08:51:27.717,2,5756,3048,617,1,1
4272,2021012700010006043,0001,2021-01-27 08:51:27.717,2,2207,2690,528,0,0
4273,2021012700010006041,0001,2021-01-27 08:51:28.733,2,7067,3094,656,2,2
4274,2021012700010006043,0001,2021-01-27 08:51:28.733,2,3401,2813,514,1,1
4275,2021012700010006041,0001,2021-01-27 08:51:29.748,2,8274,3097,650,2,2
4276,2021012700010006043,0001,2021-01-27 08:51:29.748,2,3401,2813,514,1,1
4277,2021012700010006041,0001,2021-01-27 08:51:30.763,2,9565,3018,629,3,3
4278,2021012700010006043,0001,2021-01-27 08:51:30.763,2,3401,2813,514,1,1
4279,2021012700010006048,0001,2021-01-27 08:51:30.763,2,6608,2650,487,0,0
4280,2021012700010006041,0001,2021-01-27 08:51:31.778,2,10837,2946,602,3,3
4281,2021012700010006046,0001,2021-01-27 08:51:31.778,2,211,3445,364,0,0
4282,2021012700010006048,0001,2021-01-27 08:51:31.778,2,7943,2496,604,0,0
4283,2021012700010006041,0001,2021-01-27 08:51:32.794,2,12049,2908,597,3,3
4284,2021012700010006046,0001,2021-01-27 08:51:32.794,2,1533,3280,432,0,0
4285,2021012700010006048,0001,2021-01-27 08:51:32.794,2,9287,2425,620,1,1
4286,2021012700010006041,0001,2021-01-27 08:51:33.809,2,13292,2955,471,4,4
4287,2021012700010006046,0001,2021-01-27 08:51:33.809,2,2944,3367,532,0,0
4288,2021012700010006048,0001,2021-01-27 08:51:33.809,2,10595,2354,635,1,1
4289,2021012700010006046,0001,2021-01-27 08:51:34.825,2,4276,3391,523,1,1
4290,2021012700010006048,0001,2021-01-27 08:51:34.825,2,11916,2307,573,1,1
4291,2021012700010006046,0001,2021-01-27 08:51:35.84,2,5651,3398,531,1,1
4292,2021012700010006048,0001,2021-01-27 08:51:35.84,2,13219,2171,452,2,2
4293,2021012700010006050,0001,2021-01-27 08:51:35.84,2,13309,503,598,0,0
4294,2021012700010006046,0001,2021-01-27 08:51:36.856,2,7082,3361,524,2,2
4295,2021012700010006050,0001,2021-01-27 08:51:36.856,2,11233,711,639,0,0
4296,2021012700010006046,0001,2021-01-27 08:51:37.871,2,8338,3285,548,2,2
4297,2021012700010006050,0001,2021-01-27 08:51:37.871,2,9543,1002,419,1,1
4298,2021012700010006046,0001,2021-01-27 08:51:38.886,2,9690,3102,534,2,2
4299,2021012700010006050,0001,2021-01-27 08:51:38.886,2,7715,1185,487,1,1
4300,2021012700010006046,0001,2021-01-27 08:51:39.902,2,11234,3095,375,3,3
4301,2021012700010006050,0001,2021-01-27 08:51:39.902,2,5709,1331,589,1,1
4302,2021012700010006046,0001,2021-01-27 08:51:40.917,2,12663,2983,466,3,3
4303,2021012700010006050,0001,2021-01-27 08:51:40.917,2,3675,1378,642,2,2
4304,2021012700010006046,0001,2021-01-27 08:51:41.918,2,13966,2929,532,4,4
4305,2021012700010006050,0001,2021-01-27 08:51:41.918,2,1893,1488,574,2,2
4306,2021012700010006050,0001,2021-01-27 08:51:42.934,2,54,1394,582,3,3
4307,2021012700010006053,0001,2021-01-27 08:51:43.949,2,810,3651,600,0,0
4308,2021012700010006053,0001,2021-01-27 08:51:44.965,2,2089,3732,447,0,0
4309,2021012700010006053,0001,2021-01-27 08:51:45.98,2,3456,3792,482,1,1
4310,2021012700010006053,0001,2021-01-27 08:51:46.996,2,4706,3765,530,1,1
4311,2021012700010006053,0001,2021-01-27 08:51:48.011,2,5985,3688,545,1,1
4312,2021012700010006056,0001,2021-01-27 08:51:48.011,2,1,4443,390,0,0
4313,2021012700010006053,0001,2021-01-27 08:51:49.026,2,7324,3575,523,2,2
4314,2021012700010006056,0001,2021-01-27 08:51:49.026,2,1099,4165,361,0,0
4315,2021012700010006058,0001,2021-01-27 08:51:49.026,2,452,3150,492,0,0
4316,2021012700010006053,0001,2021-01-27 08:51:50.042,2,8644,3516,552,2,2
4317,2021012700010006056,0001,2021-01-27 08:51:50.042,2,2170,4215,413,0,0
4318,2021012700010006058,0001,2021-01-27 08:51:50.042,2,2165,2819,499,0,0
4319,2021012700010006053,0001,2021-01-27 08:51:51.057,2,10037,3506,570,3,3
4320,2021012700010006056,0001,2021-01-27 08:51:51.057,2,3222,4252,615,1,1
4321,2021012700010006058,0001,2021-01-27 08:51:51.057,2,3179,2623,473,0,0
4322,2021012700010006060,0001,2021-01-27 08:51:51.057,2,3788,2580,483,0,0
4323,2021012700010006053,0001,2021-01-27 08:51:52.072,2,11402,3568,579,3,3
4324,2021012700010006056,0001,2021-01-27 08:51:52.072,2,4290,4206,591,1,1
4325,2021012700010006058,0001,2021-01-27 08:51:52.072,2,3179,2623,473,1,1
4326,2021012700010006060,0001,2021-01-27 08:51:52.072,2,5505,2609,564,0,0
4327,2021012700010006053,0001,2021-01-27 08:51:53.088,2,13018,3549,589,3,3
4328,2021012700010006056,0001,2021-01-27 08:51:53.088,2,5481,4136,595,2,2
4329,2021012700010006057,0001,2021-01-27 08:51:53.088,2,13243,263,619,0,0
4330,2021012700010006058,0001,2021-01-27 08:51:53.088,2,3179,2623,473,1,1
4331,2021012700010006060,0001,2021-01-27 08:51:53.088,2,5924,2697,432,0,0
4332,2021012700010006061,0001,2021-01-27 08:51:53.088,2,7480,2827,684,0,0
4333,2021012700010006063,0001,2021-01-27 08:51:53.088,2,7295,2873,410,0,0
4334,2021012700010006056,0001,2021-01-27 08:51:54.103,2,6587,4141,624,2,2
4335,2021012700010006057,0001,2021-01-27 08:51:54.103,2,12145,282,639,0,0
4336,2021012700010006061,0001,2021-01-27 08:51:54.103,2,9130,3033,500,0,0
4337,2021012700010006056,0001,2021-01-27 08:51:55.119,2,7575,4139,625,2,2
4338,2021012700010006057,0001,2021-01-27 08:51:55.119,2,10965,478,479,1,1
4339,2021012700010006061,0001,2021-01-27 08:51:55.119,2,9498,2949,434,1,1
4340,2021012700010006065,0001,2021-01-27 08:51:55.119,2,10935,3001,665,0,0
4341,2021012700010006056,0001,2021-01-27 08:51:56.134,2,8790,4149,641,3,3
4342,2021012700010006057,0001,2021-01-27 08:51:56.134,2,9918,563,522,1,1
4343,2021012700010006061,0001,2021-01-27 08:51:56.134,2,9498,2949,434,1,1
4344,2021012700010006065,0001,2021-01-27 08:51:56.134,2,12489,3017,544,0,0
4345,2021012700010006056,0001,2021-01-27 08:51:57.135,2,9844,4156,638,3,3
4346,2021012700010006057,0001,2021-01-27 08:51:57.135,2,8853,541,465,1,1
4347,2021012700010006064,0001,2021-01-27 08:51:57.135,2,727,3451,631,0,0
4348,2021012700010006065,0001,2021-01-27 08:51:57.135,2,14090,3115,523,0,0
4349,2021012700010006056,0001,2021-01-27 08:51:58.151,2,10916,4138,634,4,4
4350,2021012700010006057,0001,2021-01-27 08:51:58.151,2,7861,446,483,2,2
4351,2021012700010006064,0001,2021-01-27 08:51:58.151,2,2100,3521,634,0,0
4352,2021012700010006056,0001,2021-01-27 08:51:59.166,2,11669,4163,641,4,4
4353,2021012700010006057,0001,2021-01-27 08:51:59.166,2,7171,470,505,2,2
4354,2021012700010006064,0001,2021-01-27 08:51:59.166,2,3018,3602,463,0,0
4355,2021012700010006056,0001,2021-01-27 08:52:01.197,1,11669,4163,641,4,4
4356,2021012700010006057,0001,2021-01-27 08:52:01.197,1,7171,470,505,2,2
4357,2021012700010006064,0001,2021-01-27 08:52:01.197,1,3018,3602,463,0,0
4358,2021012700010006068,0001,2021-01-27 08:52:01.197,1,4644,561,512,0,0
4359,2021012700010006069,0001,2021-01-27 08:52:01.197,1,6409,3480,700,0,0
4360,2021012700010006056,0001,2021-01-27 08:52:02.212,1,11669,4163,641,4,4
4361,2021012700010006057,0001,2021-01-27 08:52:02.212,1,7171,470,505,3,3
4362,2021012700010006064,0001,2021-01-27 08:52:02.212,1,3018,3602,463,1,1
4363,2021012700010006068,0001,2021-01-27 08:52:02.212,1,3560,636,682,0,0
4364,2021012700010006069,0001,2021-01-27 08:52:02.212,1,7896,3452,642,0,0
4365,2021012700010006056,0001,2021-01-27 08:52:03.228,1,11669,4163,641,5,5
4366,2021012700010006057,0001,2021-01-27 08:52:03.228,1,7171,470,505,3,3
4367,2021012700010006064,0001,2021-01-27 08:52:03.228,1,3018,3602,463,1,1
4368,2021012700010006068,0001,2021-01-27 08:52:03.228,1,2349,594,524,0,0
4369,2021012700010006069,0001,2021-01-27 08:52:03.228,1,8912,3532,545,0,0
4370,2021012700010006068,0001,2021-01-27 08:52:04.243,1,1222,612,505,1,1
4371,2021012700010006069,0001,2021-01-27 08:52:04.243,1,8912,3532,545,1,1
4372,2021012700010006068,0001,2021-01-27 08:52:05.259,1,161,641,504,1,1
4373,2021012700010006074,0001,2021-01-27 08:52:05.259,1,12318,3501,619,0,0
4374,2021012700010006070,0001,2021-01-27 08:52:06.274,1,248,4032,395,0,0
4375,2021012700010006074,0001,2021-01-27 08:52:06.274,1,13241,3360,620,0,0
4376,2021012700010006070,0001,2021-01-27 08:52:07.289,2,248,4032,395,0,0
4377,2021012700010006074,0001,2021-01-27 08:52:07.289,2,13241,3360,620,0,0
4378,2021012700010006076,0001,2021-01-27 08:52:07.289,2,1562,3516,387,0,0
4379,2021012700010006070,0001,2021-01-27 08:52:08.305,2,248,4032,395,0,0
4380,2021012700010006076,0001,2021-01-27 08:52:08.305,2,2673,3204,432,0,0
4381,2021012700010006070,0001,2021-01-27 08:52:09.32,2,248,4032,395,1,1
4382,2021012700010006076,0001,2021-01-27 08:52:09.32,2,3903,3112,548,0,0
4383,2021012700010006076,0001,2021-01-27 08:52:10.335,2,4958,3008,457,1,1
4384,2021012700010006076,0001,2021-01-27 08:52:11.351,2,6299,3127,554,1,1
4385,2021012700010006077,0001,2021-01-27 08:52:11.351,2,1460,1746,600,0,0
4386,2021012700010006076,0001,2021-01-27 08:52:12.352,2,7477,3044,567,2,2
4387,2021012700010006077,0001,2021-01-27 08:52:12.352,2,2865,1503,617,0,0
4388,2021012700010006076,0001,2021-01-27 08:52:13.368,2,8594,2892,601,2,2
4389,2021012700010006077,0001,2021-01-27 08:52:13.368,2,4541,1383,662,1,1
4390,2021012700010006076,0001,2021-01-27 08:52:14.383,2,9806,2723,565,2,2
4391,2021012700010006077,0001,2021-01-27 08:52:14.383,2,6110,1328,661,1,1
4392,2021012700010006076,0001,2021-01-27 08:52:15.398,2,10920,2749,549,3,3
4393,2021012700010006077,0001,2021-01-27 08:52:15.398,2,7744,1334,650,1,1
4394,2021012700010006076,0001,2021-01-27 08:52:16.414,2,12223,2822,550,3,3
4395,2021012700010006077,0001,2021-01-27 08:52:16.414,2,9462,1333,705,2,2
4396,2021012700010006083,0001,2021-01-27 08:52:16.414,2,1542,2066,688,0,0
4397,2021012700010006076,0001,2021-01-27 08:52:17.429,2,13413,2841,381,4,4
4398,2021012700010006077,0001,2021-01-27 08:52:17.429,2,11116,1318,706,2,2
4399,2021012700010006083,0001,2021-01-27 08:52:17.429,2,3068,1993,769,0,0
4400,2021012700010006077,0001,2021-01-27 08:52:18.444,2,12765,1286,678,3,3
4401,2021012700010006083,0001,2021-01-27 08:52:18.444,2,4484,2139,739,1,1
4402,2021012700010006090,0001,2021-01-27 08:52:18.444,2,4720,2106,807,0,0
4403,2021012700010006083,0001,2021-01-27 08:52:19.46,2,4484,2139,739,1,1
4404,2021012700010006090,0001,2021-01-27 08:52:19.46,2,6355,2277,778,0,0
4405,2021012700010006083,0001,2021-01-27 08:52:20.475,2,4484,2139,739,1,1
4406,2021012700010006090,0001,2021-01-27 08:52:20.475,2,8098,2413,796,0,0
4407,2021012700010006083,0001,2021-01-27 08:52:21.491,2,4484,2139,739,2,2
4408,2021012700010006090,0001,2021-01-27 08:52:21.491,2,9550,2468,776,1,1
4409,2021012700010006090,0001,2021-01-27 08:52:22.506,2,11120,2513,806,1,1
4410,2021012700010006090,0001,2021-01-27 08:52:23.521,2,12641,2483,740,2,2
4411,2021012700010006089,0001,2021-01-27 08:52:24.537,2,1174,4178,418,0,0
4412,2021012700010006090,0001,2021-01-27 08:52:24.537,2,14221,2442,758,2,2
4413,2021012700010006089,0001,2021-01-27 08:52:25.552,2,2561,4170,489,0,0
4414,2021012700010006089,0001,2021-01-27 08:52:26.568,2,4019,4242,502,1,1
4415,2021012700010006089,0001,2021-01-27 08:52:27.581,2,5466,4292,474,1,1
4416,2021012700010006089,0001,2021-01-27 08:52:28.596,2,6859,4246,450,1,1
4417,2021012700010006089,0001,2021-01-27 08:52:29.612,2,8372,4107,461,2,2
4418,2021012700010006089,0001,2021-01-27 08:52:30.627,2,9950,4072,481,2,2
4419,2021012700010006089,0001,2021-01-27 08:52:31.643,2,11573,4037,534,3,3
4420,2021012700010006089,0001,2021-01-27 08:52:32.658,2,13021,3970,460,3,3
4421,2021012700010006097,0001,2021-01-27 08:52:35.704,2,1020,3065,526,0,0
4422,2021012700010006097,0001,2021-01-27 08:52:36.72,2,2150,2837,634,0,0
4423,2021012700010006097,0001,2021-01-27 08:52:37.735,2,3263,2457,431,1,1
4424,2021012700010006097,0001,2021-01-27 08:52:38.75,2,4432,2266,451,1,1
4425,2021012700010006097,0001,2021-01-27 08:52:39.766,2,5803,2379,636,1,1
4426,2021012700010006097,0001,2021-01-27 08:52:40.781,2,6999,2433,629,2,2
4427,2021012700010006097,0001,2021-01-27 08:52:41.782,2,8163,2479,598,2,2
4428,2021012700010006097,0001,2021-01-27 08:52:42.798,2,9225,2536,460,3,3
4429,2021012700010006097,0001,2021-01-27 08:52:43.813,2,10467,2735,658,3,3
4430,2021012700010006097,0001,2021-01-27 08:52:44.829,2,11689,2997,701,3,3
4431,2021012700010006097,0001,2021-01-27 08:52:45.844,2,12830,3200,698,4,4
4432,2021012700010006097,0001,2021-01-27 08:52:46.859,2,13932,3311,690,4,4
4433,2021012700010006124,0001,2021-01-27 08:53:24.4,2,355,3544,475,0,0
4434,2021012700010006124,0001,2021-01-27 08:53:25.416,2,1723,3215,429,0,0
4435,2021012700010006124,0001,2021-01-27 08:53:26.431,2,3077,3099,532,0,0
4436,2021012700010006124,0001,2021-01-27 08:53:27.432,2,4678,3058,593,1,1
4437,2021012700010006124,0001,2021-01-27 08:53:28.448,2,6099,3011,560,1,1
4438,2021012700010006124,0001,2021-01-27 08:53:29.463,2,7518,2964,589,2,2
4439,2021012700010006124,0001,2021-01-27 08:53:30.479,2,9096,2935,553,2,2
4440,2021012700010006124,0001,2021-01-27 08:53:31.494,2,10530,2871,478,2,2
4441,2021012700010006124,0001,2021-01-27 08:53:32.509,2,12106,2832,548,3,3
4442,2021012700010006130,0001,2021-01-27 08:53:32.509,2,2915,3270,364,0,0
4443,2021012700010006124,0001,2021-01-27 08:53:33.525,2,13556,2799,439,3,3
4444,2021012700010006130,0001,2021-01-27 08:53:33.525,2,4145,3073,455,0,0
4445,2021012700010006130,0001,2021-01-27 08:53:34.54,2,5410,2925,451,0,0
4446,2021012700010006130,0001,2021-01-27 08:53:35.556,2,6681,2856,454,1,1
4447,2021012700010006130,0001,2021-01-27 08:53:36.571,2,7917,2845,478,1,1
4448,2021012700010006130,0001,2021-01-27 08:53:37.586,2,9170,2804,435,2,2
4449,2021012700010006130,0001,2021-01-27 08:53:38.601,2,10603,2743,484,2,2
4450,2021012700010006130,0001,2021-01-27 08:53:39.617,2,11873,2742,475,2,2
4451,2021012700010006130,0001,2021-01-27 08:53:40.633,2,13193,2904,383,3,3
4452,2021012700010006130,0001,2021-01-27 08:53:41.648,2,13547,2896,387,3,3
4453,2021012700010006130,0001,2021-01-27 08:53:42.649,2,13547,2896,387,4,4
4454,2021012700010006130,0001,2021-01-27 08:53:43.665,2,13547,2896,387,4,4
4455,2021012700010006140,0001,2021-01-27 08:54:04.974,2,1766,2688,462,0,0
4456,2021012700010006140,0001,2021-01-27 08:54:05.989,2,3459,2737,412,0,0
4457,2021012700010006140,0001,2021-01-27 08:54:07.005,2,5267,2905,449,1,1
4458,2021012700010006140,0001,2021-01-27 08:54:08.02,2,6952,2887,689,1,1
4459,2021012700010006145,0001,2021-01-27 08:54:08.02,2,327,2902,367,0,0
4460,2021012700010006140,0001,2021-01-27 08:54:09.036,2,8702,2933,527,2,2
4461,2021012700010006145,0001,2021-01-27 08:54:09.036,2,2124,2843,468,0,0
4462,2021012700010006140,0001,2021-01-27 08:54:10.051,2,10272,2754,661,2,2
4463,2021012700010006145,0001,2021-01-27 08:54:10.051,2,3646,2643,496,0,0
4464,2021012700010006140,0001,2021-01-27 08:54:11.066,2,12217,2855,466,2,2
4465,2021012700010006145,0001,2021-01-27 08:54:11.066,2,5478,2469,484,1,1
4466,2021012700010006140,0001,2021-01-27 08:54:12.068,2,13807,2718,619,3,3
4467,2021012700010006144,0001,2021-01-27 08:54:12.068,2,13375,3718,587,0,0
4468,2021012700010006145,0001,2021-01-27 08:54:12.068,2,7155,2378,507,1,1
4469,2021012700010006144,0001,2021-01-27 08:54:13.083,2,11618,3887,856,0,0
4470,2021012700010006145,0001,2021-01-27 08:54:13.083,2,8810,2218,527,2,2
4471,2021012700010006144,0001,2021-01-27 08:54:14.098,2,10072,3945,818,1,1
4472,2021012700010006145,0001,2021-01-27 08:54:14.098,2,10473,2107,516,2,2
4473,2021012700010006144,0001,2021-01-27 08:54:15.114,2,8647,3969,826,1,1
4474,2021012700010006145,0001,2021-01-27 08:54:15.114,2,12122,1948,709,2,2
4475,2021012700010006144,0001,2021-01-27 08:54:16.129,2,7140,3924,764,1,1
4476,2021012700010006145,0001,2021-01-27 08:54:16.129,2,13818,1880,610,3,3
4477,2021012700010006144,0001,2021-01-27 08:54:17.145,2,5639,3759,747,2,2
4478,2021012700010006144,0001,2021-01-27 08:54:18.16,2,4006,3652,698,2,2
4479,2021012700010006144,0001,2021-01-27 08:54:19.175,2,2613,3579,636,3,3
4480,2021012700010006144,0001,2021-01-27 08:54:20.191,2,1060,3550,522,3,3
4481,2021012700010006159,0001,2021-01-27 08:54:29.315,2,192,2189,383,0,0
4482,2021012700010006159,0001,2021-01-27 08:54:30.33,2,1706,2043,522,0,0
4483,2021012700010006159,0001,2021-01-27 08:54:31.346,2,3341,2104,527,0,0
4484,2021012700010006159,0001,2021-01-27 08:54:32.361,2,4932,2036,574,1,1
4485,2021012700010006159,0001,2021-01-27 08:54:33.377,2,6572,1904,606,1,1
4486,2021012700010006159,0001,2021-01-27 08:54:34.392,2,8116,1782,563,2,2
4487,2021012700010006159,0001,2021-01-27 08:54:35.407,2,9741,1697,575,2,2
4488,2021012700010006159,0001,2021-01-27 08:54:36.423,2,11310,1641,606,2,2
4489,2021012700010006159,0001,2021-01-27 08:54:37.438,2,13031,1543,589,3,3
4490,2021012700010006163,0001,2021-01-27 08:54:46.573,2,13555,4082,650,0,0
4491,2021012700010006163,0001,2021-01-27 08:54:47.588,2,12292,4056,712,0,0
4492,2021012700010006163,0001,2021-01-27 08:54:48.604,2,10949,4015,687,0,0
4493,2021012700010006163,0001,2021-01-27 08:54:49.619,2,9715,4027,665,1,1
4494,2021012700010006168,0001,2021-01-27 08:54:49.619,2,283,3910,561,0,0
4495,2021012700010006163,0001,2021-01-27 08:54:50.634,2,8345,4096,651,1,1
4496,2021012700010006168,0001,2021-01-27 08:54:50.634,2,1638,3410,453,0,0
4497,2021012700010006163,0001,2021-01-27 08:54:51.65,2,7076,4131,673,2,2
4498,2021012700010006168,0001,2021-01-27 08:54:51.65,2,2820,2834,407,0,0
4499,2021012700010006163,0001,2021-01-27 08:54:52.665,2,5663,4157,510,2,2
4500,2021012700010006168,0001,2021-01-27 08:54:52.665,2,4164,2596,516,1,1
4501,2021012700010006163,0001,2021-01-27 08:54:53.68,2,4432,3910,664,3,3
4502,2021012700010006168,0001,2021-01-27 08:54:53.68,2,5546,2401,531,1,1
4503,2021012700010006163,0001,2021-01-27 08:54:54.696,2,3136,3818,667,3,3
4504,2021012700010006168,0001,2021-01-27 08:54:54.696,2,6947,2195,724,2,2
4505,2021012700010006163,0001,2021-01-27 08:54:55.711,2,1979,3894,659,3,3
4506,2021012700010006168,0001,2021-01-27 08:54:55.711,2,8298,1897,708,2,2
4507,2021012700010006169,0001,2021-01-27 08:54:55.711,2,13720,2652,376,0,0
4508,2021012700010006163,0001,2021-01-27 08:54:56.727,2,661,3820,626,4,4
4509,2021012700010006168,0001,2021-01-27 08:54:56.727,2,9754,1740,736,2,2
4510,2021012700010006169,0001,2021-01-27 08:54:56.727,2,12516,2516,575,0,0
4511,2021012700010006168,0001,2021-01-27 08:54:57.728,2,11047,1600,684,3,3
4512,2021012700010006169,0001,2021-01-27 08:54:57.728,2,11319,2562,623,1,1
4513,2021012700010006168,0001,2021-01-27 08:54:58.743,2,12367,1462,654,3,3
4514,2021012700010006169,0001,2021-01-27 08:54:58.743,2,10188,2614,554,1,1
4515,2021012700010006168,0001,2021-01-27 08:54:59.755,2,13741,1412,668,4,4
4516,2021012700010006169,0001,2021-01-27 08:54:59.755,2,9072,2583,583,1,1
4517,2021012700010006169,0001,2021-01-27 08:55:00.77,2,7925,2578,617,2,2
4518,2021012700010006169,0001,2021-01-27 08:55:01.786,2,6732,2689,601,2,2
4519,2021012700010006169,0001,2021-01-27 08:55:02.801,2,5568,2794,636,3,3
4520,2021012700010006174,0001,2021-01-27 08:55:02.801,2,92,1952,375,0,0
4521,2021012700010006169,0001,2021-01-27 08:55:03.817,2,4478,2879,610,3,3
4522,2021012700010006174,0001,2021-01-27 08:55:03.817,2,92,1952,375,0,0
4523,2021012700010006177,0001,2021-01-27 08:55:03.817,2,2623,1556,487,0,0
4524,2021012700010006169,0001,2021-01-27 08:55:04.832,2,3240,2904,631,3,3
4525,2021012700010006174,0001,2021-01-27 08:55:04.832,2,92,1952,375,1,1
4526,2021012700010006177,0001,2021-01-27 08:55:04.832,2,4136,1626,556,0,0
4527,2021012700010006169,0001,2021-01-27 08:55:05.847,2,2027,2864,604,4,4
4528,2021012700010006177,0001,2021-01-27 08:55:05.847,2,5705,1789,535,1,1
4529,2021012700010006169,0001,2021-01-27 08:55:06.863,2,1000,2737,353,4,4
4530,2021012700010006177,0001,2021-01-27 08:55:06.863,2,7159,1871,532,1,1
4531,2021012700010006177,0001,2021-01-27 08:55:07.878,2,8612,1991,515,1,1
4532,2021012700010006177,0001,2021-01-27 08:55:08.893,2,10069,2073,527,2,2
4533,2021012700010006177,0001,2021-01-27 08:55:09.909,2,11655,2057,403,2,2
4534,2021012700010006177,0001,2021-01-27 08:55:10.924,2,13024,2047,434,3,3
4535,2021012700010006183,0001,2021-01-27 08:55:14.971,2,308,4446,588,0,0
4536,2021012700010006183,0001,2021-01-27 08:55:15.987,2,1678,4110,536,0,0
4537,2021012700010006183,0001,2021-01-27 08:55:17.002,2,2969,3818,443,0,0
4538,2021012700010006183,0001,2021-01-27 08:55:18.018,2,4375,3652,431,1,1
4539,2021012700010006183,0001,2021-01-27 08:55:19.033,2,6085,3694,505,1,1
4540,2021012700010006183,0001,2021-01-27 08:55:20.049,2,7486,3672,473,2,2
4541,2021012700010006183,0001,2021-01-27 08:55:21.064,2,8919,3602,505,2,2
4542,2021012700010006183,0001,2021-01-27 08:55:22.079,2,10290,3592,479,2,2
4543,2021012700010006183,0001,2021-01-27 08:55:23.095,2,11828,3521,531,3,3
4544,2021012700010006183,0001,2021-01-27 08:55:24.11,2,13082,3467,516,3,3
4545,2021012700010006190,0001,2021-01-27 08:55:24.11,2,139,3199,420,0,0
4546,2021012700010006190,0001,2021-01-27 08:55:25.125,2,1649,2980,426,0,0
4547,2021012700010006190,0001,2021-01-27 08:55:26.141,2,3203,2800,476,0,0
4548,2021012700010006190,0001,2021-01-27 08:55:27.142,2,4877,2763,648,1,1
4549,2021012700010006192,0001,2021-01-27 08:55:27.142,2,145,3702,355,0,0
4550,2021012700010006190,0001,2021-01-27 08:55:28.158,2,6469,2697,704,1,1
4551,2021012700010006192,0001,2021-01-27 08:55:28.158,2,1244,3682,637,0,0
4552,2021012700010006190,0001,2021-01-27 08:55:29.173,2,8033,2611,665,2,2
4553,2021012700010006192,0001,2021-01-27 08:55:29.173,2,2379,3682,363,0,0
4554,2021012700010006190,0001,2021-01-27 08:55:30.189,2,9769,2526,705,2,2
4555,2021012700010006192,0001,2021-01-27 08:55:30.189,2,3490,3647,361,1,1
4556,2021012700010006190,0001,2021-01-27 08:55:31.204,2,11330,2540,687,2,2
4557,2021012700010006192,0001,2021-01-27 08:55:31.204,2,4584,3585,451,1,1
4558,2021012700010006193,0001,2021-01-27 08:55:31.204,2,115,2761,374,0,0
4559,2021012700010006190,0001,2021-01-27 08:55:32.219,2,12823,2464,641,3,3
4560,2021012700010006192,0001,2021-01-27 08:55:32.219,2,5755,3513,485,2,2
4561,2021012700010006193,0001,2021-01-27 08:55:32.219,2,1349,2699,394,0,0
4562,2021012700010006192,0001,2021-01-27 08:55:33.235,2,6960,3379,486,2,2
4563,2021012700010006193,0001,2021-01-27 08:55:33.235,2,2635,2610,497,0,0
4564,2021012700010006192,0001,2021-01-27 08:55:34.25,2,8094,3293,526,2,2
4565,2021012700010006193,0001,2021-01-27 08:55:34.25,2,3967,2623,615,1,1
4566,2021012700010006192,0001,2021-01-27 08:55:35.265,2,9244,3343,490,3,3
4567,2021012700010006193,0001,2021-01-27 08:55:35.265,2,5197,2555,605,1,1
4568,2021012700010006192,0001,2021-01-27 08:55:36.281,2,10377,3322,482,3,3
4569,2021012700010006193,0001,2021-01-27 08:55:36.281,2,6577,2564,640,2,2
4570,2021012700010006192,0001,2021-01-27 08:55:37.296,2,11482,3295,532,4,4
4571,2021012700010006193,0001,2021-01-27 08:55:37.296,2,7759,2581,651,2,2
4572,2021012700010006192,0001,2021-01-27 08:55:38.312,2,12647,3276,451,4,4
4573,2021012700010006193,0001,2021-01-27 08:55:38.312,2,9111,2617,656,2,2
4574,2021012700010006192,0001,2021-01-27 08:55:39.327,2,13712,3234,351,4,4
4575,2021012700010006193,0001,2021-01-27 08:55:39.327,2,10217,2453,458,3,3
4576,2021012700010006193,0001,2021-01-27 08:55:40.342,2,11591,2331,438,3,3
4577,2021012700010006193,0001,2021-01-27 08:55:41.358,2,12888,2275,645,4,4
4578,2021012700010006193,0001,2021-01-27 08:55:42.359,2,14110,2174,658,4,4
4579,2021012700010006200,0001,2021-01-27 08:55:57.576,2,14104,1726,391,0,0
4580,2021012700010006200,0001,2021-01-27 08:55:58.591,2,13021,1718,421,0,0
4581,2021012700010006200,0001,2021-01-27 08:55:59.606,2,12284,1716,397,0,0
4582,2021012700010006200,0001,2021-01-27 08:56:00.622,2,12284,1716,397,1,1
4583,2021012700010006207,0001,2021-01-27 08:56:01.637,2,8752,1504,390,0,0
4584,2021012700010006209,0001,2021-01-27 08:56:02.652,2,7431,1463,454,0,0
4585,2021012700010006209,0001,2021-01-27 08:56:03.668,2,6188,1488,462,0,0
4586,2021012700010006209,0001,2021-01-27 08:56:04.683,2,5034,1530,468,0,0
4587,2021012700010006209,0001,2021-01-27 08:56:05.699,2,3676,1490,478,1,1
4588,2021012700010006209,0001,2021-01-27 08:56:06.714,2,2386,1509,498,1,1
4589,2021012700010006209,0001,2021-01-27 08:56:07.73,2,1160,1498,501,2,2
4590,2021012700010006205,0001,2021-01-27 08:56:08.745,2,14064,1362,372,0,0
4591,2021012700010006205,0001,2021-01-27 08:56:09.76,2,14064,1362,372,0,0
4592,2021012700010006211,0001,2021-01-27 08:56:09.76,2,12039,1379,443,0,0
4593,2021012700010006205,0001,2021-01-27 08:56:10.776,2,14064,1362,372,0,0
4594,2021012700010006211,0001,2021-01-27 08:56:10.776,2,10529,1363,429,0,0
4595,2021012700010006211,0001,2021-01-27 08:56:11.777,2,9020,1368,438,0,0
4596,2021012700010006211,0001,2021-01-27 08:56:12.792,2,7662,1316,475,1,1
4597,2021012700010006211,0001,2021-01-27 08:56:13.808,2,6300,1323,478,1,1
4598,2021012700010006211,0001,2021-01-27 08:56:14.823,2,4905,1291,442,2,2
4599,2021012700010006211,0001,2021-01-27 08:56:15.838,2,3310,1206,433,2,2
4600,2021012700010006211,0001,2021-01-27 08:56:16.854,2,1681,1262,517,3,3
4601,2021012700010006213,0001,2021-01-27 08:56:35.117,2,14108,4052,533,0,0
4602,2021012700010006213,0001,2021-01-27 08:56:36.132,2,12613,4099,588,0,0
4603,2021012700010006213,0001,2021-01-27 08:56:37.147,2,11118,4131,585,0,0
4604,2021012700010006213,0001,2021-01-27 08:56:38.163,2,9661,4153,589,1,1
4605,2021012700010006213,0001,2021-01-27 08:56:39.178,2,8249,4228,555,1,1
4606,2021012700010006213,0001,2021-01-27 08:56:40.194,2,6931,4354,545,2,2
4607,2021012700010006213,0001,2021-01-27 08:56:41.209,2,5551,4542,618,2,2
4608,2021012700010006213,0001,2021-01-27 08:56:42.21,2,4135,4606,706,2,2
4609,2021012700010006213,0001,2021-01-27 08:56:43.226,2,2865,4536,617,3,3
4610,2021012700010006213,0001,2021-01-27 08:56:44.241,2,1436,4362,606,3,3
4611,2021012700010006213,0001,2021-01-27 08:56:45.257,2,165,4141,548,4,4
4612,2021012700010006216,0001,2021-01-27 08:56:55.41,2,815,2700,521,0,0
4613,2021012700010006216,0001,2021-01-27 08:56:56.426,2,2360,2579,731,0,0
4614,2021012700010006216,0001,2021-01-27 08:56:57.437,2,4080,2661,738,1,1
4615,2021012700010006216,0001,2021-01-27 08:56:58.453,2,5621,2732,713,1,1
4616,2021012700010006216,0001,2021-01-27 08:56:59.468,2,7205,2770,759,1,1
4617,2021012700010006216,0001,2021-01-27 08:57:00.483,2,8729,2776,770,2,2
4618,2021012700010006216,0001,2021-01-27 08:57:01.499,2,10473,2758,758,2,2
4619,2021012700010006216,0001,2021-01-27 08:57:02.514,2,11976,2765,753,3,3
4620,2021012700010006216,0001,2021-01-27 08:57:03.53,2,13578,2731,786,3,3
4621,2021012700010006223,0001,2021-01-27 08:57:10.637,2,489,3615,523,0,0
4622,2021012700010006223,0001,2021-01-27 08:57:11.653,2,2085,3669,425,0,0
4623,2021012700010006223,0001,2021-01-27 08:57:12.658,2,3059,3628,437,0,0
4624,2021012700010006224,0001,2021-01-27 08:57:12.658,2,3523,3630,434,0,0
4625,2021012700010006223,0001,2021-01-27 08:57:13.673,2,3059,3628,437,1,1
4626,2021012700010006224,0001,2021-01-27 08:57:13.673,2,5117,3698,726,0,0
4627,2021012700010006223,0001,2021-01-27 08:57:14.68,2,3059,3628,437,1,1
4628,2021012700010006224,0001,2021-01-27 08:57:14.68,2,5955,3401,430,1,1
4629,2021012700010006226,0001,2021-01-27 08:57:14.68,2,6756,3398,506,0,0
4630,2021012700010006224,0001,2021-01-27 08:57:15.696,2,5955,3401,430,1,1
4631,2021012700010006226,0001,2021-01-27 08:57:15.696,2,8123,3292,720,0,0
4632,2021012700010006226,0001,2021-01-27 08:57:16.697,2,9679,3089,533,0,0
4633,2021012700010006226,0001,2021-01-27 08:57:17.698,2,11072,3228,515,1,1
4634,2021012700010006226,0001,2021-01-27 08:57:18.7,2,11118,3240,506,1,1
4635,2021012700010006229,0001,2021-01-27 08:57:18.7,2,12738,3039,500,0,0
4636,2021012700010006226,0001,2021-01-27 08:57:19.715,2,11118,3240,506,2,2
4637,2021012700010006229,0001,2021-01-27 08:57:19.715,2,14163,3108,491,0,0
4638,2021012700010006226,0001,2021-01-27 08:57:20.73,2,11118,3240,506,2,2
4639,2021012700010006228,0001,2021-01-27 08:57:20.73,2,1450,3725,526,0,0
4640,2021012700010006228,0001,2021-01-27 08:57:21.746,2,3223,3610,638,0,0
4641,2021012700010006228,0001,2021-01-27 08:57:22.747,2,5096,3642,615,1,1
4642,2021012700010006228,0001,2021-01-27 08:57:23.762,2,6944,3618,519,1,1
4643,2021012700010006228,0001,2021-01-27 08:57:24.778,2,8731,3550,456,1,1
4644,2021012700010006232,0001,2021-01-27 08:57:24.778,2,834,3287,355,0,0
4645,2021012700010006228,0001,2021-01-27 08:57:25.793,2,10843,3631,566,2,2
4646,2021012700010006232,0001,2021-01-27 08:57:25.793,2,2535,3124,414,0,0
4647,2021012700010006228,0001,2021-01-27 08:57:26.796,2,12609,3617,586,2,2
4648,2021012700010006232,0001,2021-01-27 08:57:26.796,2,4191,3111,606,1,1
4649,2021012700010006232,0001,2021-01-27 08:57:27.811,2,5807,2963,556,1,1
4650,2021012700010006232,0001,2021-01-27 08:57:28.827,2,7387,2783,600,1,1
4651,2021012700010006232,0001,2021-01-27 08:57:29.842,2,8951,2568,577,2,2
4652,2021012700010006232,0001,2021-01-27 08:57:30.857,2,10643,2482,621,2,2
4653,2021012700010006232,0001,2021-01-27 08:57:31.873,2,12242,2518,599,3,3
4654,2021012700010006232,0001,2021-01-27 08:57:32.888,2,13959,2587,622,3,3
4655,2021012700010006236,0001,2021-01-27 08:57:32.888,2,841,3479,486,0,0
4656,2021012700010006235,0001,2021-01-27 08:57:33.904,2,1350,1826,462,0,0
4657,2021012700010006236,0001,2021-01-27 08:57:33.904,2,2140,3408,539,0,0
4658,2021012700010006235,0001,2021-01-27 08:57:34.919,2,3144,1417,543,0,0
4659,2021012700010006236,0001,2021-01-27 08:57:34.919,2,3358,3345,478,1,1
4660,2021012700010006235,0001,2021-01-27 08:57:35.934,2,4729,1252,649,1,1
4661,2021012700010006236,0001,2021-01-27 08:57:35.934,2,4625,3344,473,1,1
4662,2021012700010006235,0001,2021-01-27 08:57:36.95,2,6517,1227,651,1,1
4663,2021012700010006236,0001,2021-01-27 08:57:36.95,2,5913,3225,503,1,1
4664,2021012700010006235,0001,2021-01-27 08:57:37.965,2,8213,1249,660,1,1
4665,2021012700010006236,0001,2021-01-27 08:57:37.965,2,7138,3067,475,2,2
4666,2021012700010006237,0001,2021-01-27 08:57:37.965,2,566,3549,394,0,0
4667,2021012700010006238,0001,2021-01-27 08:57:37.965,2,533,2400,390,0,0
4668,2021012700010006235,0001,2021-01-27 08:57:38.981,2,10095,1330,633,2,2
4669,2021012700010006236,0001,2021-01-27 08:57:38.981,2,8530,2960,544,2,2
4670,2021012700010006237,0001,2021-01-27 08:57:38.981,2,2550,3353,571,0,0
4671,2021012700010006238,0001,2021-01-27 08:57:38.981,2,2224,2280,457,0,0
4672,2021012700010006235,0001,2021-01-27 08:57:39.996,2,10680,1453,475,2,2
4673,2021012700010006236,0001,2021-01-27 08:57:39.996,2,9730,2883,544,3,3
4674,2021012700010006237,0001,2021-01-27 08:57:39.996,2,4026,3168,642,1,1
4675,2021012700010006238,0001,2021-01-27 08:57:39.996,2,3764,2234,511,0,0
4676,2021012700010006240,0001,2021-01-27 08:57:39.996,2,11401,1452,624,0,0
4677,2021012700010006241,0001,2021-01-27 08:57:39.996,2,11766,1446,640,0,0
4678,2021012700010006235,0001,2021-01-27 08:57:41.011,2,10680,1453,475,3,3
4679,2021012700010006236,0001,2021-01-27 08:57:41.011,2,11195,2922,566,3,3
4680,2021012700010006237,0001,2021-01-27 08:57:41.011,2,5817,3096,648,1,1
4681,2021012700010006238,0001,2021-01-27 08:57:41.011,2,5599,2110,518,1,1
4682,2021012700010006241,0001,2021-01-27 08:57:41.011,2,13774,1690,606,0,0
4683,2021012700010006235,0001,2021-01-27 08:57:42.012,2,10680,1453,475,3,3
4684,2021012700010006236,0001,2021-01-27 08:57:42.012,2,12477,2897,518,3,3
4685,2021012700010006237,0001,2021-01-27 08:57:42.012,2,7329,3135,642,1,1
4686,2021012700010006238,0001,2021-01-27 08:57:42.012,2,7116,2009,536,1,1
4687,2021012700010006236,0001,2021-01-27 08:57:43.028,2,13690,2849,487,4,4
4688,2021012700010006237,0001,2021-01-27 08:57:43.028,2,8916,3030,562,2,2
4689,2021012700010006238,0001,2021-01-27 08:57:43.028,2,8732,1956,511,2,2
4690,2021012700010006237,0001,2021-01-27 08:57:44.043,2,10809,2819,540,2,2
4691,2021012700010006238,0001,2021-01-27 08:57:44.043,2,10461,1916,523,2,2
4692,2021012700010006237,0001,2021-01-27 08:57:45.059,2,12408,2665,609,3,3
4693,2021012700010006238,0001,2021-01-27 08:57:45.059,2,12086,1860,539,2,2
4694,2021012700010006237,0001,2021-01-27 08:57:46.074,2,13965,2586,633,3,3
4695,2021012700010006238,0001,2021-01-27 08:57:46.074,2,12159,1872,544,3,3
4696,2021012700010006238,0001,2021-01-27 08:57:47.089,2,12159,1872,544,3,3
4697,2021012700010006238,0001,2021-01-27 08:57:48.105,2,12159,1872,544,4,4
4698,2021012700010006245,0001,2021-01-27 08:57:55.212,2,748,4287,385,0,0
4699,2021012700010006245,0001,2021-01-27 08:57:56.228,2,2296,4162,356,0,0
4700,2021012700010006245,0001,2021-01-27 08:57:57.229,2,3904,4013,472,0,0
4701,2021012700010006245,0001,2021-01-27 08:57:58.245,2,5353,3769,520,1,1
4702,2021012700010006249,0001,2021-01-27 08:57:58.245,2,231,3078,414,0,0
4703,2021012700010006245,0001,2021-01-27 08:57:59.26,2,6705,3457,556,1,1
4704,2021012700010006249,0001,2021-01-27 08:57:59.26,2,1848,3350,576,0,0
4705,2021012700010006245,0001,2021-01-27 08:58:00.275,2,8197,3397,555,2,2
4706,2021012700010006249,0001,2021-01-27 08:58:00.275,2,3455,3417,559,0,0
4707,2021012700010006245,0001,2021-01-27 08:58:01.291,2,9995,3491,565,2,2
4708,2021012700010006249,0001,2021-01-27 08:58:01.291,2,5223,3337,687,1,1
4709,2021012700010006245,0001,2021-01-27 08:58:02.306,2,11569,3565,590,3,3
4710,2021012700010006249,0001,2021-01-27 08:58:02.306,2,6794,3283,661,1,1
4711,2021012700010006245,0001,2021-01-27 08:58:03.321,2,13283,3499,640,3,3
4712,2021012700010006249,0001,2021-01-27 08:58:03.321,2,8553,3329,674,2,2
4713,2021012700010006249,0001,2021-01-27 08:58:04.337,2,10208,3393,634,2,2
4714,2021012700010006249,0001,2021-01-27 08:58:05.352,2,11937,3509,625,2,2
4715,2021012700010006249,0001,2021-01-27 08:58:06.367,2,13600,3487,687,3,3
4716,2021012700010006250,0001,2021-01-27 08:58:07.383,2,13923,1404,660,0,0
4717,2021012700010006250,0001,2021-01-27 08:58:08.398,2,12576,1352,648,0,0
4718,2021012700010006250,0001,2021-01-27 08:58:09.414,2,11084,1413,645,0,0
4719,2021012700010006250,0001,2021-01-27 08:58:10.429,2,9802,1622,657,1,1
4720,2021012700010006250,0001,2021-01-27 08:58:11.445,2,8429,1721,689,1,1
4721,2021012700010006250,0001,2021-01-27 08:58:12.446,2,7094,1792,696,2,2
4722,2021012700010006250,0001,2021-01-27 08:58:13.461,2,5671,1728,668,2,2
4723,2021012700010006250,0001,2021-01-27 08:58:14.477,2,4351,1671,675,2,2
4724,2021012700010006250,0001,2021-01-27 08:58:15.492,2,2966,1695,632,3,3
4725,2021012700010006250,0001,2021-01-27 08:58:16.507,2,1734,1759,402,3,3
4726,2021012700010006250,0001,2021-01-27 08:58:17.523,2,278,1682,388,4,4
4727,2021012700010006278,0001,2021-01-27 08:59:10.281,2,1091,4423,617,0,0
4728,2021012700010006279,0001,2021-01-27 08:59:10.281,2,1457,2771,438,0,0
4729,2021012700010006278,0001,2021-01-27 08:59:11.296,2,2743,4364,612,0,0
4730,2021012700010006279,0001,2021-01-27 08:59:11.296,2,2999,2524,675,0,0
4731,2021012700010006278,0001,2021-01-27 08:59:12.309,2,4167,4210,549,1,1
4732,2021012700010006279,0001,2021-01-27 08:59:12.309,2,4539,2387,676,1,1
4733,2021012700010006278,0001,2021-01-27 08:59:13.324,2,5691,4137,567,1,1
4734,2021012700010006279,0001,2021-01-27 08:59:13.324,2,6117,2294,698,1,1
4735,2021012700010006276,0001,2021-01-27 08:59:14.339,2,13202,1294,363,0,0
4736,2021012700010006278,0001,2021-01-27 08:59:14.339,2,7237,4138,587,1,1
4737,2021012700010006279,0001,2021-01-27 08:59:14.339,2,7735,2260,761,1,1
4738,2021012700010006276,0001,2021-01-27 08:59:15.355,2,11975,1417,533,0,0
4739,2021012700010006278,0001,2021-01-27 08:59:15.355,2,8789,4098,593,2,2
4740,2021012700010006279,0001,2021-01-27 08:59:15.355,2,9324,2262,721,2,2
4741,2021012700010006276,0001,2021-01-27 08:59:16.37,2,10769,1395,533,1,1
4742,2021012700010006278,0001,2021-01-27 08:59:16.37,2,10417,4080,672,2,2
4743,2021012700010006279,0001,2021-01-27 08:59:16.37,2,10932,2226,709,2,2
4744,2021012700010006276,0001,2021-01-27 08:59:17.385,2,9452,1392,549,1,1
4745,2021012700010006278,0001,2021-01-27 08:59:17.385,2,11948,3937,594,3,3
4746,2021012700010006279,0001,2021-01-27 08:59:17.385,2,12771,2066,531,3,3
4747,2021012700010006281,0001,2021-01-27 08:59:17.385,2,889,3156,373,0,0
4748,2021012700010006276,0001,2021-01-27 08:59:18.401,2,8195,1502,492,1,1
4749,2021012700010006278,0001,2021-01-27 08:59:18.401,2,13459,3922,612,3,3
4750,2021012700010006279,0001,2021-01-27 08:59:18.401,2,14226,1841,689,3,3
4751,2021012700010006281,0001,2021-01-27 08:59:18.401,2,2537,3029,431,0,0
4752,2021012700010006276,0001,2021-01-27 08:59:19.416,2,7084,1444,531,2,2
4753,2021012700010006281,0001,2021-01-27 08:59:19.416,2,3990,2818,627,0,0
4754,2021012700010006276,0001,2021-01-27 08:59:20.432,2,5866,1425,537,2,2
4755,2021012700010006281,0001,2021-01-27 08:59:20.432,2,5693,2676,637,1,1
4756,2021012700010006276,0001,2021-01-27 08:59:21.447,2,4608,1445,507,3,3
4757,2021012700010006281,0001,2021-01-27 08:59:21.447,2,7363,2575,577,1,1
4758,2021012700010006276,0001,2021-01-27 08:59:22.462,2,3470,1460,485,3,3
4759,2021012700010006281,0001,2021-01-27 08:59:22.462,2,8875,2526,614,2,2
4760,2021012700010006276,0001,2021-01-27 08:59:23.478,2,2300,1484,522,4,4
4761,2021012700010006281,0001,2021-01-27 08:59:23.478,2,10569,2466,632,2,2
4762,2021012700010006284,0001,2021-01-27 08:59:23.478,2,573,4209,375,0,0
4763,2021012700010006276,0001,2021-01-27 08:59:24.493,2,1088,1448,431,4,4
4764,2021012700010006281,0001,2021-01-27 08:59:24.493,2,12163,2393,608,3,3
4765,2021012700010006284,0001,2021-01-27 08:59:24.493,2,2032,3908,352,0,0
4766,2021012700010006276,0001,2021-01-27 08:59:25.509,2,75,1430,354,4,4
4767,2021012700010006281,0001,2021-01-27 08:59:25.509,2,13866,2321,622,3,3
4768,2021012700010006284,0001,2021-01-27 08:59:25.509,2,3600,3764,436,0,0
4769,2021012700010006284,0001,2021-01-27 08:59:26.524,2,5155,3717,534,1,1
4770,2021012700010006284,0001,2021-01-27 08:59:27.525,2,6677,3592,524,1,1
4771,2021012700010006284,0001,2021-01-27 08:59:28.541,2,8184,3393,514,2,2
4772,2021012700010006284,0001,2021-01-27 08:59:29.556,2,9685,3265,511,2,2
4773,2021012700010006284,0001,2021-01-27 08:59:30.571,2,11215,3217,528,2,2
4774,2021012700010006284,0001,2021-01-27 08:59:31.587,2,12792,3123,469,3,3
4775,2021012700010006284,0001,2021-01-27 08:59:32.602,2,14274,2987,355,3,3
4776,2021012700010006291,0001,2021-01-27 08:59:35.648,2,956,3886,462,0,0
4777,2021012700010006291,0001,2021-01-27 08:59:36.664,2,2098,4084,513,0,0
4778,2021012700010006291,0001,2021-01-27 08:59:37.679,2,3058,4013,490,1,1
4779,2021012700010006291,0001,2021-01-27 08:59:38.694,2,3613,4038,462,1,1
4780,2021012700010006293,0001,2021-01-27 08:59:38.694,2,4535,4080,641,0,0
4781,2021012700010006291,0001,2021-01-27 08:59:39.71,2,3613,4038,462,1,1
4782,2021012700010006293,0001,2021-01-27 08:59:39.71,2,5663,4043,649,0,0
4783,2021012700010006291,0001,2021-01-27 08:59:40.725,2,3613,4038,462,2,2
4784,2021012700010006293,0001,2021-01-27 08:59:40.725,2,6699,3950,648,0,0
4785,2021012700010006293,0001,2021-01-27 08:59:41.741,2,7746,3909,553,1,1
4786,2021012700010006293,0001,2021-01-27 08:59:42.742,2,8964,3853,537,1,1
4787,2021012700010006293,0001,2021-01-27 08:59:43.757,2,10252,3800,656,2,2
4788,2021012700010006293,0001,2021-01-27 08:59:44.773,2,11400,3758,628,2,2
4789,2021012700010006293,0001,2021-01-27 08:59:45.788,2,12497,3710,607,3,3
4790,2021012700010006293,0001,2021-01-27 08:59:46.803,2,13673,3847,475,3,3
